4.004334381928140174e-02,8.213862007419412414e-01,-1.016786815863412151e-02,-3.859883767446238567e-02,-2.951019023954942200e-01,1.930168132207516485e-01,3.352807875006292848e-01,3.900661773723303888e-02,1.027122387652773805e-01,7.037835179025696275e-02,5.404891330257593184e-03,-2.162658910025056225e-01,-1.467596476792660531e-01,6.165522190459379924e-04,-3.281441227039494802e-03,6.794762955122829223e-05,1.553165934464231215e-04,5.080929725239849816e-05
2.575377507028848016e-06,6.302373533878394621e-03,-4.226461012909943915e-01,-7.057315396349263248e-02,6.334752002576886643e-01,1.454553797345871091e-01,4.614751939606309694e-01,5.106862655966179151e-03,6.926046099508131881e-02,4.009304263329864634e-04,1.669803601499144641e-01,4.278652074148053819e-02,5.660790306321500376e-02,3.952506111322947463e-02,-3.762549794995305730e-01,-5.499446104359323115e-03,4.568600312234692012e-03,4.532280536904199561e-03
2.471101804937589688e-07,6.248806829013329968e-04,-6.330438925358974900e-02,1.602496354617185259e-01,-9.943803161767236776e-02,-3.106445973261386939e-01,-7.978740213596255404e-02,5.043386836889214297e-01,3.824864825748699459e-01,-2.277637550577882308e-02,6.148956445410710403e-01,-1.015751894466234845e-01,1.379817169694902423e-01,5.254415562584705685e-02,1.909171720144848053e-02,1.854317274214296318e-01,1.068359985163001430e-01,-2.941949563420505256e-03
4.607682261056274996e-09,9.513484369943404797e-05,-5.128372371775356819e-02,2.461840536613627284e-01,-7.142779021782864890e-02,2.478827860123645754e-01,-1.299650743638195993e-01,-4.445236510045408873e-01,-3.094237188573287223e-01,1.682940536407499799e-01,4.796000304884290300e-01,-3.114513041781679092e-01,3.347625701320149361e-01,-3.745189400201005825e-02,-8.081252588500660236e-03,-1.158959515282531605e-02,-4.092876582556433107e-02,2.988242599293930990e-01
7.892845156158369495e-07,2.188213240799885724e-03,-2.768626681556817792e-01,6.730331591697434890e-01,-2.566765951447576646e-02,2.634763976841225097e-01,-1.171536931102928891e-01,5.742342895721576357e-02,1.181682112784514238e-01,-2.030074583051240389e-01,-2.763867963569742736e-01,-5.241523525463960206e-03,-1.592574934592196415e-02,4.879547825347123613e-01,4.535250285176942869e-02,8.567879467236887148e-02,-4.786098514636797502e-02,-4.040785644932655407e-02
6.179013166254470712e-05,1.330852436918018161e-02,-5.962352230357866045e-02,-2.116825948751817621e-01,2.402849805802870220e-02,5.016493234077675778e-01,-1.983738798006625670e-01,5.849027229113231696e-01,-5.142269208145872073e-01,-1.575124375517175102e-01,1.338667080403098120e-01,5.089506294140482001e-02,-5.898711679554591997e-02,-1.873953361153540484e-03,6.711596764882378496e-02,4.237707847471208940e-03,-3.106307303451315716e-03,-5.839715913098503372e-04
-1.504478829608809930e-05,-2.988937726653830961e-03,1.949677071120588245e-02,-4.383354933981574442e-02,7.530240216998407288e-02,3.606691907950413389e-01,-2.987584616876602928e-01,3.115140271750813095e-02,3.360211743887031588e-01,7.542138196594674326e-01,2.801068204651507854e-02,2.574085011862058403e-01,-1.385299480927592031e-01,5.185931981344475694e-02,-2.480056126993603061e-02,9.766590613417594838e-03,7.690460546509637549e-03,-1.636562088334626505e-02
-2.274293692553554789e-07,-6.528815429354774052e-04,9.634732007390757469e-02,-2.919985962849024896e-01,9.241794842226230822e-02,4.158570391723407367e-01,-2.887484262259759626e-01,-1.971721545522893970e-01,5.475481430493066570e-01,-4.997157019537299405e-01,5.055395547969915998e-02,-1.588043006112883071e-01,9.416576226508531489e-02,-1.082982970606332640e-01,1.457661017742025410e-02,-5.577035429291605367e-02,2.246521827939602228e-02,-6.730842703903215781e-04
-9.982124205863497357e-01,5.797467367519423126e-02,4.923847846483056685e-03,2.662723738544802658e-03,8.140552152216653028e-03,-4.035410623705591206e-03,-6.413685805488839389e-03,-8.497185080578997449e-04,-1.816963899274444188e-03,-1.469884732845161369e-03,-5.633293012961142920e-05,5.613946804060131711e-03,4.261327898760294136e-03,1.459030826702537151e-05,1.215670485782495061e-04,-1.005800297263019280e-05,-1.065141445648338828e-05,-9.803809605772480557e-06
1.675839571321276894e-02,2.095908786721475958e-01,-3.880011871558548819e-02,-3.757354409993436672e-02,-1.791615699428424080e-01,3.496813944843566585e-02,6.079537378176440299e-02,-4.887850671851033668e-02,8.063017060983626583e-03,-1.046124054891016675e-01,1.007415179384218637e-02,7.123724062830609771e-01,6.279529204207430215e-01,7.254194582112679507e-03,2.198729755208718439e-02,-2.725346238355456051e-03,-2.511388645787860502e-03,-2.720968925252838146e-03
1.135275004890385491e-06,2.768367911880334573e-03,-1.832200124567459898e-01,-3.342788021072663068e-02,2.614237986604805442e-01,2.008223685474689810e-02,1.915984614512663275e-01,-4.311778119065307752e-02,5.191536691323393043e-02,6.257562840436271812e-02,4.212615362781965689e-02,-1.083183582073996010e-02,2.702954189383457995e-02,-5.518780471715315633e-02,9.193257151332233645e-01,5.892485847429837498e-03,-1.803083651924032235e-02,-1.384842250647778071e-02
5.966362327412492169e-08,1.519709466018988862e-04,-1.592708831425259861e-02,4.171926828273345156e-02,-2.492997206363911991e-02,-7.827313322807512297e-02,-1.394574563857156613e-02,1.221178058818002260e-01,7.792270075171318922e-02,4.667424599309880247e-03,1.209080694939093092e-01,-3.459760161881077645e-03,4.379832619234183197e-03,8.564214906573312802e-02,3.672748500613901446e-03,-7.799595131191454644e-01,-5.822668554704597543e-01,-2.621320352373833137e-02
4.039280861012750972e-09,3.492506018091490015e-05,-1.600079186387742478e-02,7.574981198364168222e-02,-2.302523646048932129e-02,6.710893733928009752e-02,-3.333815283745827918e-02,-1.368916973748438015e-01,-1.087335808489789113e-01,4.870688064457526223e-02,1.467225393722435545e-01,-1.021628585665906308e-01,1.064601568752445437e-01,-7.729390552923878777e-02,-2.073780088540863251e-02,-2.727390061298361201e-02,5.540882861150986383e-02,-9.494256795431055274e-01
2.461064542299611066e-07,6.842020460602173462e-04,-8.762011649054540774e-02,2.174392876444677658e-01,-1.620712278086796493e-02,2.683967652426455866e-02,-8.761819590144123357e-03,6.419090471004518239e-02,1.219916862637931976e-02,-5.730193300579502005e-03,-4.310619760562551389e-02,3.365714169388991928e-02,-2.832950639807903237e-02,-2.265564093828431880e-01,8.003661191612844103e-03,-5.683116660928523300e-01,7.455691774817536643e-01,7.512353674045250951e-02
3.157647956549800602e-04,7.260141648670771775e-02,-7.952194842692860144e-01,-3.178484200100344381e-01,-2.340105995545300743e-01,-2.240039704113142294e-01,-3.580206821742432099e-01,-1.102563411736494220e-01,-2.908239845006879015e-02,2.768754636412664935e-02,-8.848088855349833803e-02,-6.713682602722799431e-02,-3.703150713192407406e-02,-8.133937744641358061e-03,-2.569016090643205449e-02,-4.935162260732508816e-04,1.876518939129561640e-03,1.851856029223260562e-03
3.235432493233945331e-05,6.396280442199719397e-03,-3.788022346967719750e-02,7.813930896069580523e-02,-1.010690874323464938e-01,1.494109194445099667e-02,1.540098191994467881e-02,-3.063452922514732779e-01,-5.712891202702164578e-02,-2.417880467483528306e-01,4.543387431600149351e-01,4.659339943800956396e-01,-6.317853204322745331e-01,4.582493463264259576e-02,3.166051974120039081e-02,1.791147015632118394e-02,4.850936740345006791e-03,-7.272497482701210762e-03
4.492423045817252457e-07,1.245506365641168775e-03,-1.570381260827742320e-01,3.786415706928372704e-01,-1.619622565204638376e-02,8.074115523921993054e-02,-2.860773424158631617e-02,1.082995411131736918e-01,7.177006051653657404e-02,-3.704400038467101780e-02,-1.099058336543026621e-01,7.715161969420211707e-02,-6.731746306217251119e-02,-8.196593519843272668e-01,-5.274344765708064570e-02,1.498775585004834543e-01,-2.927264827859752949e-01,2.788343173945971240e-02
4.107974401737514436e-02,5.219984097742894624e-01,1.516655156377562652e-01,1.203239074547084592e-01,5.603805368971827017e-01,-2.993942902908340309e-01,-5.045758239833525449e-01,-3.851590774342304735e-02,-1.464044704030349198e-01,-6.115298263183815280e-02,-1.062445452400676872e-02,5.677758909360959561e-02,-8.750608655986286122e-03,-3.158588298071116334e-03,-2.756711597861212157e-03,7.880658054179284343e-04,6.037315495181200644e-04,8.088694852770340893e-04
