-3.572403075227480879e-02,8.245171668851163371e-01,5.405582948406541244e-02,-2.559547337759471297e-01,-2.370536093453933790e-01,-2.097452652836519771e-01,-3.082408444382765955e-01,7.628029659112696426e-02,-1.647428661003527695e-01,1.493196289200711124e-01,-2.282760290918696248e-03,1.017253713992805037e-04,0.000000000000000000e+00,0.000000000000000000e+00
-9.808315425357267813e-04,2.629361648630216403e-02,-5.418108069743832189e-01,5.586875762983681826e-01,-3.959101561371869415e-01,1.778008767726800277e-01,-3.593469284277291398e-01,-9.445191033547180315e-02,3.661241232106864779e-02,-1.963221298041575857e-02,2.550466989865360357e-01,-2.080461969375572637e-02,0.000000000000000000e+00,0.000000000000000000e+00
-1.391403998986925124e-03,1.332203062652291027e-02,-1.075091408186941433e-01,2.975920930787357421e-01,6.653253763357225292e-01,-5.272229521449284251e-01,-3.706626058989728745e-01,2.351881225591693440e-03,-1.854109306026573839e-02,4.108038309207667771e-03,1.680996688457631755e-02,2.025830663044477231e-01,0.000000000000000000e+00,0.000000000000000000e+00
4.584839285736777288e-04,-2.318342479195580497e-03,1.057305826565541895e-01,-2.284078227201988831e-01,3.570490706343992238e-01,6.843035322784798424e-01,-5.466896853185652105e-01,-1.945596883546218958e-01,-3.202243386731293273e-02,4.621450921915582627e-02,-3.170142902926444822e-02,8.247788915068152800e-04,0.000000000000000000e+00,0.000000000000000000e+00
8.639704766887783044e-06,-1.788161367498676156e-03,4.538139460672377043e-03,4.924831792069985295e-03,3.156310529346824378e-02,1.095356853453207102e-01,-1.187566311536494418e-01,7.354817119493745059e-01,6.018023514236523486e-01,2.638980232157065453e-01,1.062337025134398039e-02,-2.808199695746691643e-04,0.000000000000000000e+00,0.000000000000000000e+00
0.000000000000000000e+00,0.000000000000000000e+00,0.000000000000000000e+00,0.000000000000000000e+00,0.000000000000000000e+00,0.000000000000000000e+00,0.000000000000000000e+00,0.000000000000000000e+00,0.000000000000000000e+00,0.000000000000000000e+00,0.000000000000000000e+00,0.000000000000000000e+00,1.000000000000000000e+00,0.000000000000000000e+00
9.984056968565303558e-01,5.356897775074546258e-02,6.646937129029644072e-03,1.097515269791554671e-02,4.916086145358741603e-03,4.830564939030674264e-03,6.671148234960449543e-03,-2.377846596050522607e-03,5.319022779781914893e-03,-5.083311339230363497e-03,2.259395938803078252e-05,-1.246634928725534077e-05,0.000000000000000000e+00,0.000000000000000000e+00
-1.616763270815384582e-02,2.029040927218007384e-01,-1.959981443599896275e-02,-1.372809018263831671e-01,1.495295074894584892e-03,-7.371681166669605267e-02,-3.086311597347536975e-02,-2.845902039030933084e-01,6.460271018137456744e-01,-6.592468120381723695e-01,-5.146336406685766930e-04,4.212530869475124089e-04,0.000000000000000000e+00,0.000000000000000000e+00
-2.949103838682150540e-04,7.346376717877668716e-03,-1.511925330698941916e-01,1.561117535823689784e-01,-1.123095974799191016e-01,2.933630621126689583e-02,-7.578484572897425942e-02,-3.090324390513557017e-03,1.163753307522618491e-02,-1.219281911813707708e-02,-9.628927121441113179e-01,7.773321365272388428e-02,0.000000000000000000e+00,0.000000000000000000e+00
-3.035575440533381684e-04,2.765317209802308548e-03,-2.236755641770103373e-02,6.206579006912147506e-02,1.376309243550541683e-01,-1.105837704978634012e-01,-7.603028625903593407e-02,1.521203084184665150e-03,-3.453141501904409376e-03,2.332861518139295396e-04,-7.867927391840064122e-02,-9.759525726794873179e-01,0.000000000000000000e+00,0.000000000000000000e+00
-1.136589407397295935e-03,1.355908875595014107e-01,-7.933927790995961571e-01,-3.860958185579193569e-01,2.946261014071762663e-01,1.021863131867605246e-01,3.120966841054289564e-01,6.123037587973687024e-02,-5.528879762952041560e-02,3.976184016205224631e-02,5.792619795647616088e-03,-4.954053803128858702e-04,0.000000000000000000e+00,0.000000000000000000e+00
-2.717913027148719616e-05,5.602218662534832506e-03,-1.233716252110536073e-02,-2.767247845702414805e-02,-2.011829470643423934e-02,-1.135447704315887957e-01,8.896397658904472983e-02,-5.670350521354411422e-01,4.324699245600424624e-01,6.849310159297830047e-01,-1.221771219247339002e-02,3.713307117098911731e-04,0.000000000000000000e+00,0.000000000000000000e+00
0.000000000000000000e+00,0.000000000000000000e+00,0.000000000000000000e+00,0.000000000000000000e+00,0.000000000000000000e+00,0.000000000000000000e+00,0.000000000000000000e+00,0.000000000000000000e+00,0.000000000000000000e+00,0.000000000000000000e+00,0.000000000000000000e+00,0.000000000000000000e+00,0.000000000000000000e+00,1.000000000000000000e+00
-4.054486098862517679e-02,5.067311342488108883e-01,1.653756902466591849e-01,5.334553739332429378e-01,3.116587933353720530e-01,3.525322547711429166e-01,4.556906156415127529e-01,-1.344577776490966589e-02,1.924290299265260171e-02,5.566158600914175060e-03,3.108571812761594215e-03,-2.490600489728747504e-04,0.000000000000000000e+00,0.000000000000000000e+00
