9.882693338502356156e-08,-2.464294760276831445e-06,-3.345276459296697789e-03,-2.580372508965019310e-02,9.441460751465775847e-02,6.223936383266034586e-03,-1.411859387838393896e-02,-4.222932281686465374e-03,-3.478601498690823274e-02,-1.891194971693001270e-02,-5.825269533167345276e-02,-1.356760516656913274e-01,-9.709343187469203773e-01,-9.199998090071669077e-02,1.032839992629500520e-01,5.429565929617218012e-02,4.880022948765754681e-03,4.075614885940524040e-02,-1.132895999740725530e-02,1.262683321112440318e-02,3.923083015000991720e-03,1.659909782076205440e-03
2.046415871924948948e-01,-5.982119046851761546e-01,-4.494396701429181993e-04,-1.398323835676854032e-03,-5.654482019039615975e-03,2.025556287647496678e-01,-7.679969810871908886e-02,-1.815736876680395517e-01,4.710112403870178599e-01,-1.072199141256711674e-01,-1.116669009904844578e-01,3.807691654852716212e-01,-8.837083297227983636e-02,3.460785380696877467e-01,2.978308916996856570e-02,1.567961305744773257e-02,-8.261795407431651514e-03,-2.483576529528444196e-02,-9.079638851813595472e-04,-1.424887176710708681e-05,9.493649838308049552e-03,6.573163522443364534e-03
1.363369549487554669e-07,-5.260748551817168179e-06,7.819630520229223225e-02,1.448873931495365530e-01,1.499616938377129616e-01,-3.195576913265441455e-03,7.705497882668218418e-03,-8.669390301802350207e-02,1.210750499605253439e-01,8.802183679485861001e-01,-3.824294963020796745e-01,-4.715504796684816258e-02,1.327386853414588667e-02,9.125859482139968629e-03,-3.525622177140071145e-02,-4.005222083879814154e-02,-7.543231659327948426e-04,3.617847827138301331e-02,-1.753023430096651908e-03,-6.205100448690079734e-03,-1.418236856610328653e-02,-1.551661676759911838e-02
8.747348576101389959e-07,-2.748416976717908767e-05,1.581830029630501566e-01,-8.296180428648466942e-02,-8.971625573273003806e-02,-8.710134989527006100e-02,-5.818387661141160017e-01,-5.053154223892900726e-02,-2.438749140793662340e-01,-1.255481747627319178e-01,-4.144842906583185438e-01,1.474090574628984518e-01,3.261713737654200335e-02,-8.509455457001187384e-02,-1.523169788296136473e-01,1.903055489906467224e-01,-1.708142856753756128e-02,1.497289410876282423e-01,-3.089747613426674366e-01,3.247601761966107392e-01,-1.685332185323952514e-01,1.511154706964964733e-01
2.943395377618858489e-06,-7.614384946883421526e-05,1.335598620155917793e-01,-8.669944292197637181e-02,-2.870735377715626438e-02,6.761925631074108822e-02,4.705938105244605318e-01,-4.011417553258540131e-02,-8.308363708989854879e-02,-1.477556611619767479e-01,-3.782050331682684785e-01,2.557033503495758087e-01,-3.276924177999606443e-03,-2.923473129678925697e-01,-1.046320252823741415e-01,-1.119380347241223095e-01,-6.091174436698000294e-01,8.660979242716584925e-02,-1.600392898379559767e-02,-4.401728695524236012e-02,1.374297747146993043e-01,2.147904250176823834e-02
5.839939628065069867e-06,-1.639517606958146507e-04,5.884173021023109129e-01,-1.744624879989702948e-01,-1.911687459346339546e-02,-3.797956689824615040e-02,4.641729250509444432e-02,-1.314106868266360362e-01,4.838393823820439678e-03,8.937069937371977524e-02,2.362257498025940872e-01,5.451927418137088310e-02,-2.765808723111270670e-02,-1.094240943540004257e-02,-2.809459055889926282e-01,4.415921030607319886e-01,1.005408921330502581e-01,2.151459901939213604e-02,3.035692972824044489e-01,1.541040370808776511e-02,3.473137616739953581e-01,1.920996552366961707e-01
-4.354425516330893823e-04,3.333500015206030537e-03,9.823577451048680353e-02,5.012189859793041435e-01,-3.147770927105268957e-01,-1.244592365848666560e-01,5.266166928241639011e-02,-3.390726122676043786e-02,1.095441985491031889e-01,5.971575373019425044e-03,5.887714816311510196e-03,1.040924982599441551e-01,2.577458708420728509e-02,-2.708832906175251409e-01,5.335013846189637921e-01,3.292301189713839893e-01,-4.256147068348758306e-02,-3.085941296108825060e-01,-6.638749900071344578e-02,1.237650674570809489e-01,4.032750094446365535e-02,1.107396988368094110e-01
-1.118039119419527906e-07,3.624915710062891176e-06,-2.264718388913562405e-02,1.192482881612348840e-02,1.252845199571251886e-02,1.206526004310078289e-02,8.120703910936871717e-02,-6.784465577725567846e-03,1.701001844717635325e-02,2.236278830175618751e-02,7.279980579541145413e-02,1.164312926603875385e-02,-1.127379694487657714e-02,9.946028003764864275e-03,-9.163355667570889651e-02,4.431140968293536403e-02,-5.556782210697367580e-02,-6.164433744784066083e-02,1.303162949602227061e-01,7.110793350559128090e-01,8.539968478592047108e-02,-6.624150111326212453e-01
-5.677578438362019825e-04,4.159288466060289020e-03,5.061093159959896039e-03,6.791826036788299777e-04,8.489990570726420977e-04,-2.427152919172713974e-01,1.044843241428613928e-01,-6.462370370734752401e-01,2.120378530465648614e-01,-2.384561412396524194e-01,-2.525641285219617505e-01,-5.785696438784404538e-01,8.856399409692075619e-02,5.127985102108681414e-02,-1.259012741223449437e-02,1.964191063060354014e-02,1.180769287050642199e-02,1.862120945395772179e-02,1.370527484776498488e-02,1.629869393995627205e-02,-1.185888774271179856e-02,-7.411178783183152048e-03
-2.634700994403265564e-06,6.927838817775550638e-05,-1.716135773103145967e-01,6.289420359179812015e-02,-1.260971184984807474e-03,-4.053576739062046685e-02,1.079813602346955774e-02,-6.795556309883429291e-01,-4.404581690818151207e-01,1.477552980865316778e-01,3.073113270243863493e-01,4.043809331054230571e-01,-6.325897853988575459e-02,-3.835182079714827275e-02,1.178281973382383583e-03,-1.033471349999448147e-01,2.716719814711525405e-02,5.220776984205172978e-03,-2.081073938841181831e-02,-5.528510576064632476e-02,-8.721322058743681549e-02,-3.494445598006147569e-02
-9.250929406253851628e-01,-3.766982637315398619e-01,-3.032265413210150041e-04,1.999160706424528129e-04,3.169417553324918249e-05,-4.680732169836363671e-03,2.127018205256036177e-03,8.061086249428342856e-03,-2.527801885871547999e-02,6.377904339207962278e-03,8.136166740272650702e-03,-2.532027242100052741e-02,6.193695962842972816e-03,-2.784387688213406029e-02,-1.888479272793780602e-03,-1.032506099506789185e-03,6.697460224280477352e-04,1.849826207363819202e-03,-3.819224337251566541e-05,9.833711960480104276e-05,-7.752751330116056019e-04,-4.406160677911873883e-04
2.225901786876956941e-07,-4.288828024384413551e-06,2.773459195822104706e-02,2.004762312419650638e-01,-6.734083265721066969e-01,-2.323870679486097351e-02,7.637025458060468786e-02,3.377143771927269139e-02,7.532197435197976465e-02,6.111483601683887629e-02,6.506374507014948960e-02,-2.448995784844558085e-02,-7.029574494156405617e-02,4.938517918982777283e-02,-1.028602615914980256e-01,-8.627451082827312934e-02,8.676442722689498011e-02,6.574397728500243065e-01,6.956061871968155161e-03,-6.372158340919792385e-02,-2.153298307183108828e-02,-1.186395133902578974e-01
1.930886388842399382e-01,-4.048106619708869425e-01,4.151749828450699252e-03,-1.778025721215622948e-03,-2.882554140679273805e-02,5.634882337899224103e-01,-1.163278045982658326e-01,-6.101298112033538140e-02,-1.349400100448593376e-01,6.064685292345136508e-02,1.347177564762157276e-01,-3.563178702893449179e-01,9.667288907229777684e-02,-5.334200117766608740e-01,-2.486679561410993361e-02,-1.471294752518816779e-02,1.295020662419267554e-02,3.224555675275279226e-02,-3.166594298033680206e-03,4.008438085168206273e-03,-1.511290073054382364e-02,-6.523398151271688448e-03
1.022161914747306938e-06,-2.932972668370647130e-05,2.499719547420764798e-01,6.434701345112221471e-01,5.656845151559627416e-01,3.497072131320309168e-02,-5.601719655260161898e-03,2.543396265814125076e-02,-4.402000075063167150e-02,-2.202526723068280456e-01,3.217892975273067835e-02,4.019070262471798050e-02,4.370515367632313991e-02,6.982733199663243052e-03,-3.949371334645985360e-02,-3.797263477202716259e-02,5.134385745992570138e-02,3.684471021499203247e-01,2.171302335617291291e-03,-3.257929682032320584e-02,-9.145427110729704295e-03,-6.293208113044287955e-02
5.134013350727684981e-07,-1.658184807106082522e-05,1.030873559896431091e-01,-5.424565526058398868e-02,-5.796243280935230863e-02,-5.732833518766619618e-02,-3.768004426737889268e-01,-2.064883306079496814e-02,-1.387327047164756688e-01,-8.503131263534657869e-02,-2.790830879901448625e-01,7.107484249895038020e-02,3.248014550619819640e-02,-7.739539195305289443e-02,2.398547023337613548e-01,-6.654427586032805875e-02,5.891045649249626592e-02,-4.680779479542049315e-02,3.176417273248209883e-01,-4.451960709882920031e-01,3.184829098976214024e-01,-5.027635388101741043e-01
2.631080229942534492e-06,-6.775216207235012654e-05,1.146639102919111419e-01,-7.467424933317311220e-02,-2.387216441928309910e-02,6.190091665328641829e-02,3.944156645284023210e-01,1.595687679579354742e-02,-4.695877689052115750e-02,-1.227775763598883685e-01,-3.274305038346914110e-01,1.988122476233375180e-01,-1.806824854851437311e-03,-2.159021486278348001e-01,-5.936820517719874901e-02,-8.909981845144246404e-02,7.493769737068360914e-01,-1.087678813192863442e-01,-3.335322410441782931e-02,2.467283378482246214e-02,-1.470870943493894911e-01,-4.697902410920206523e-02
4.680763231965358647e-06,-1.306514992136722922e-04,4.562537565960834152e-01,-1.410779977002345753e-01,-2.071498032075504495e-02,-2.498367505572204883e-02,2.483526082534740550e-03,-3.430378836530150475e-04,4.381363068825173263e-02,1.648191433032990261e-02,1.077180178776949021e-01,-1.113866833049948282e-02,-3.327729081232307096e-03,1.229695613810139788e-02,1.553074334733660078e-01,-3.372987155425758582e-02,-1.750760853247910753e-01,-4.430404136427687489e-02,2.098388176130196181e-01,-1.009288689283360518e-01,-7.829419432158775116e-01,-1.780434043667923349e-01
5.422488593139583720e-04,-4.097311245516551716e-03,1.566268175399371521e-01,4.145647390690297973e-01,-2.806509458012621527e-01,1.307323999569276196e-01,-6.401171194011766319e-02,2.703318341697832916e-02,-1.896411006296956359e-01,-5.740256284133004455e-02,-8.214602972939376302e-02,-1.185329694682425022e-01,-1.193087129891133719e-01,2.417175393046842036e-01,-4.744306423080682511e-01,-2.641417609268594813e-01,-6.580066548028193352e-02,-5.119621385329040653e-01,6.635385510099799100e-02,-5.807480706537979098e-02,-1.774234023854648692e-02,2.834579242667350021e-02
1.660589441718672733e-07,-5.327525503079814326e-06,3.249847340569857884e-02,-1.709463954791099263e-02,-1.791633334567289612e-02,-1.781561936550171005e-02,-1.155764419763176815e-01,-8.863930281014181442e-03,-4.293267318609920308e-02,-2.389126925216501773e-02,-6.973876107931885338e-02,1.986675266573213749e-02,8.144264029841908475e-03,-1.222063806217820597e-02,2.611042148542220276e-01,-4.983001306632213745e-01,3.900399820302342252e-02,9.456214939242878204e-02,5.697140851277180396e-01,3.776473299621983526e-01,7.732869354093131753e-02,4.202091984564246263e-01
1.264987974355857902e-03,-9.555676213814522438e-03,7.578817515972310903e-02,-4.818123616374343082e-02,-3.655121497435635802e-02,3.902200144123493808e-01,2.275561276858934501e-01,4.503470350513628408e-03,-4.710213739139049727e-01,2.309752891997516634e-03,-1.785191833053491328e-01,-1.635500555860969207e-01,5.249239237977856160e-02,5.467700363310481482e-01,3.672564308134855793e-01,2.337875286784750761e-01,4.395844322428034510e-05,9.071957354377890859e-02,-2.979444333472949444e-02,5.964515644414698781e-02,3.860191410988153549e-02,2.314464429077248836e-02
4.741000402615432525e-06,-1.335046608054532449e-04,4.884386830369140675e-01,-1.450020504499468788e-01,-1.672605112460726767e-02,-3.722291402865234716e-02,-2.321296145015745022e-02,-4.649098500438287457e-02,5.068315298246758860e-02,4.679522548389240116e-02,1.992638516688753636e-01,-5.521976994968851027e-02,-6.812722951373069956e-03,5.217429873143322044e-02,2.339409763019780208e-01,-4.844222751063033683e-01,2.888779401470266059e-02,-4.832463143232877678e-02,-5.603606246277716973e-01,6.478331462800661356e-02,2.654884172647846152e-01,-6.712620101222623037e-02
2.550279263913056149e-01,-5.798557349837699659e-01,-4.449914875702219198e-03,3.417550813593384605e-03,2.671969092799536885e-02,-6.091136046247680458e-01,1.567394589693965334e-01,2.195562614715155236e-01,-3.640849255816753227e-01,6.284640616547056136e-02,1.762929580744265062e-02,-1.276576861167493804e-01,2.041944538094175171e-02,2.159267105670849632e-02,-1.185066266619792634e-02,-5.178948124742376209e-03,-6.531440426441562520e-04,2.376933281315599198e-03,2.911438960229208780e-03,-2.591510125620813225e-03,9.013767950087286191e-04,-1.935951272047555698e-03
