1.047690752218997465e-07,3.029649456142295618e-06,-4.249247885701465562e-03,3.669130906592416724e-02,7.047397500917468305e-02,-1.280444024339512932e-01,1.384039059434779770e-02,6.652159768588244634e-03,5.479928736246903603e-02,3.540683505561984835e-03,6.271568480134895318e-03,-6.697895575752862984e-02,9.529075399537775271e-01,-5.857059707627036704e-02,-2.306523919699577096e-01,-5.318355528624707680e-03,5.381556977666217961e-03,-2.845898606744056824e-03,-5.193524132895226825e-02,4.352176208586582690e-02,-1.219781483482207385e-02,-5.249485137199500807e-03
2.001376569970363950e-01,6.211581292387832187e-01,-8.087747215127009904e-04,1.670389588602199955e-03,-1.304410178005560583e-01,-8.243793195996790280e-02,7.974569431530927066e-02,5.510209292692522243e-02,-3.084896606504431982e-01,-2.388308946808554711e-01,5.475717375205886306e-01,-4.914564114333674211e-02,3.039508340370994637e-03,-2.892862994510261854e-01,4.118420997859190830e-02,4.306899337868955353e-03,5.544466557765461269e-04,-2.975257291856172291e-03,2.372259872831468386e-02,-2.027079855362128383e-02,5.691947095060071946e-03,3.959862656487372901e-03
1.366002376397887658e-07,6.002845848268974276e-06,5.545905921628210139e-02,-7.899634781237478698e-02,5.075915107977792967e-02,-6.532788298826634754e-02,4.582051525551190246e-02,1.455098428808866140e-01,-4.473033476562559563e-01,7.811916234288932559e-01,8.274651199850681371e-02,-3.646177872526845110e-01,-1.151140112626897975e-03,8.914866762021582403e-02,3.636879520034047575e-02,1.168400297971119474e-02,-1.557746392824720626e-02,1.479430617941866408e-02,-5.251305456968419216e-03,2.005497343373254318e-02,-8.469706386093836178e-03,-7.886725948433761027e-03
7.298950104854171074e-07,2.641836926053898576e-05,1.190335350510827173e-01,6.373181161077925982e-02,7.675040163997225683e-03,8.539786997345881481e-02,5.243238693030525255e-01,-1.178730710672792753e-01,3.634779506229433577e-01,1.730524973627099727e-02,2.687260711568564275e-01,-2.767499996148936603e-01,-5.002962022248705343e-02,2.223890877775504260e-01,-3.350187267545322312e-02,5.504833359900052070e-02,2.752339268769600222e-01,8.519972674393647138e-02,5.063097573494805548e-02,3.520121415048319546e-01,-2.272500205306365040e-01,2.952018748389313996e-01
3.306098056502572739e-06,9.771605130525419134e-05,1.458235116359242189e-01,1.022024210274207479e-01,-6.484973743025197745e-02,1.859438133983135413e-02,-4.460925951904500808e-01,2.255433364001462049e-01,1.138705775117554858e-01,-7.978978147983667446e-02,2.759897737796114803e-01,-1.027526322378471829e-01,3.347161895568995238e-02,4.415661943238181064e-01,6.153408590986886306e-02,5.891219022684381912e-01,7.901890258826601166e-04,-2.145560584838280549e-01,-1.164348274564255964e-01,-2.579737955971222671e-02,2.084516628235715333e-02,1.284558464687790211e-02
6.256517440185536526e-06,2.018175498380680294e-04,5.842459468597064332e-01,1.724121569891834960e-01,2.125451738516205558e-02,5.303569692919345852e-02,9.233644767985499380e-02,1.521867818558489682e-01,-4.932283827419424449e-02,4.709642926209847702e-02,-3.789011830513254464e-02,2.066141079649688184e-01,2.216266791417179777e-02,-5.251128352989053311e-02,4.734669293390765532e-02,-2.358981505730698425e-01,3.928340496242152535e-01,-2.660547953260967158e-01,-2.967983282622961294e-01,-3.665964553912592905e-01,7.000743483959260063e-03,1.908669931504365647e-01
-4.149679415394833416e-04,-3.467228550651098654e-03,9.519885054355746445e-02,-5.037346877372015364e-01,-8.545314740529642850e-02,3.443164582728702738e-01,-2.002891787524858219e-02,3.747665003528410921e-02,-1.094509020978282204e-01,-4.253020669554496980e-02,4.917062586341442582e-02,6.190600756340822186e-02,-2.996541230696763217e-02,1.235312075163166184e-01,-6.169894114250112915e-01,2.930393454117354024e-02,7.736684688824464751e-02,-5.291444561951202941e-02,3.523324030170883470e-01,-2.066272350698893090e-01,-3.151953509945312846e-03,1.271032162688753853e-01
-1.024595909654525611e-07,-3.862759419399756310e-06,-1.911662897849910475e-02,-1.030976789692275228e-02,-1.208231456818418311e-03,-1.319279272823666548e-02,-7.648008251442356409e-02,3.792221095040257395e-02,-4.333263468982607308e-02,9.103635566033824525e-03,-2.585229883017170494e-02,8.821016207169540824e-02,1.311940083343725132e-02,-3.534181140929015114e-02,4.610538113613574240e-02,3.328026071546828779e-02,2.318718364203962989e-02,-2.781982821736088581e-03,4.835956628471877600e-02,-1.439263625090350385e-01,-9.476463994846064942e-01,-2.353051548972328322e-01
-4.591155804791870816e-04,-3.741183853472581592e-03,-1.693994135058787473e-02,-1.639649365252154184e-02,1.458772495401738645e-01,9.262455099981703466e-02,1.618184992073735951e-01,6.143402342434821639e-01,-1.480883527853845416e-01,-4.041172159432413480e-01,-3.576566079524963748e-01,-4.988405457060223203e-01,-2.161127843128800644e-02,-3.649970392439402106e-02,3.614584320071054235e-02,-8.244572138695269170e-03,-2.104562144830676457e-03,1.189503048323864963e-02,-3.315923600962700744e-03,1.156156536501222465e-02,-2.247605824286638687e-02,-8.961001174940798298e-04
-3.253086116176266141e-06,-1.002002548835484132e-04,-2.250174309066431400e-01,-8.014966797329883819e-02,1.251938791926017307e-02,1.882335396993339155e-02,2.318259976193423055e-01,6.665767824828922050e-01,2.589635836066502828e-01,2.307109888663176067e-01,1.977842262140681318e-01,5.107768767680221922e-01,2.056243130822501403e-02,7.980767539825259303e-04,3.012615951656059943e-02,2.132111755668230149e-03,-6.330833377658941219e-02,1.068911161308012808e-01,-7.592532144863245458e-03,4.254721314204999716e-02,5.172684705801437743e-02,-5.244130329514897632e-02
-9.330600846472278942e-01,3.566054731060279703e-01,-3.329291922767617156e-04,-2.178227087352970425e-04,8.678883820780482726e-04,8.114971099985262377e-04,-1.737238202044081442e-03,-2.385007483953490316e-03,1.534939855338754433e-02,1.269546253565727832e-02,-3.591567853481864719e-02,4.174583129732315975e-03,-9.998597793725697057e-05,2.224290752222499862e-02,-4.099233014024188798e-03,-3.549507673112662644e-04,3.777245236930637176e-05,2.131570524777226126e-04,-1.633092974527680609e-03,1.525864125091498397e-03,-4.823640462413265688e-04,-1.880055144496133479e-04
2.839777472813774222e-07,6.183698907883860387e-06,2.350532910619260868e-02,-1.906715610433691588e-01,-3.437925584741705620e-01,5.943998076874900116e-01,-5.288069450324269644e-02,-3.367621805913795924e-02,-9.847005470661224225e-02,7.310504490693365935e-03,-3.082786506788567915e-02,2.395295936743127227e-02,8.474337724989909615e-02,-6.466219372697470935e-02,6.272548624466189882e-02,-5.439454566928500490e-02,-4.991425475960136610e-02,3.898584080295234428e-02,-5.481912307054964684e-01,3.648336562609708622e-01,-4.165454844357737579e-02,-1.369799392374944080e-01
1.739373887668941021e-01,3.835900754482733932e-01,5.236412434584923788e-03,1.082492256186630506e-03,-5.702096720524167939e-01,-3.288838245116439407e-01,1.369931126962676549e-01,2.170154385486412416e-02,2.089763522194076212e-02,5.491911376487081803e-02,-4.529587817927059334e-01,8.092512912458998953e-02,1.499120765124920722e-03,3.807269441765367968e-01,-9.221333323417052474e-02,-6.701063484906758135e-03,2.450510692301664708e-03,3.366559299488343718e-03,-2.420078583101790276e-02,2.580697622403719041e-02,-9.371759698491154145e-03,-6.921539882228129733e-04
1.708988684575116839e-06,5.421059832915608193e-05,2.652211075101708060e-01,-6.649153754715361186e-01,2.718851091134264486e-01,-4.853797026796832226e-01,-4.737021390942523780e-02,-1.052308563874354737e-02,7.781382543302696464e-02,-1.018134454216379353e-01,3.645488737421292286e-02,1.944521773063551465e-02,-8.381426180309721474e-02,2.124573345294503493e-02,1.215451958566914764e-02,-3.448889345896555270e-02,-2.591399223830001541e-02,2.022217197209161613e-02,-3.123100137572217272e-01,2.096990096431883277e-01,-2.459949024052040731e-02,-7.441348088938057326e-02
4.192657033552556749e-07,1.566262720341670916e-05,7.642128106375296881e-02,4.106939459960198130e-02,5.477888681624444589e-03,5.509799068474045824e-02,3.344063146963832112e-01,-9.110841838424692252e-02,2.242542760574521843e-01,1.152466860025402233e-03,1.673981614667719720e-01,-2.158931906006154311e-01,-4.608533125797484309e-02,1.554990148423838203e-01,-1.424976278385748640e-01,-7.985113487777141528e-02,-1.997207720828488298e-01,-1.497508053559369889e-01,-1.230576055578840727e-01,-3.319446345586219982e-01,1.285279951550119537e-01,-6.980018028726103774e-01
2.965624453067077501e-06,8.737984134092138832e-05,1.273561251855888643e-01,8.936304802176005257e-02,-5.771794983656177574e-02,1.405837881812829933e-02,-3.923707665153734481e-01,1.449086063634346666e-01,8.493591077049451876e-02,-6.573693786448417398e-02,2.282232024777255952e-01,-1.100337549956306449e-01,2.549122503359313105e-02,3.535584430897616426e-01,3.705946091123550612e-02,-7.004476860670860727e-01,-6.603130069982791894e-02,2.452174737418630901e-01,1.620680396881965801e-01,1.056341623676689684e-01,-2.341422583851957354e-02,-3.827908150168844031e-02
5.062180471754088437e-06,1.624769433334335782e-04,4.592585307363536984e-01,1.387416455408125582e-01,1.318343227836356497e-02,3.656023627890659516e-02,4.017870023508831462e-02,-2.560845941846250258e-03,-5.832582215562086281e-02,-1.618324312729898032e-02,-5.836723511904028799e-02,8.291296018509851373e-02,-2.370131559039818925e-03,-6.253693798064050013e-02,-7.325434429490576549e-02,2.889755572704312825e-01,-1.174475367096386863e-01,7.917036656211501322e-01,1.954869484221467141e-02,-8.416970582484337160e-02,3.987032761822598137e-02,-1.015942418262012481e-01
5.870086399977491069e-04,4.823005669331864240e-03,1.453555725484123040e-01,-3.970289391431595094e-01,-2.493352053213426789e-01,1.383403998717563921e-01,3.142429624442492908e-02,-3.379113935051471229e-02,2.347317677039410799e-01,5.024902705254254837e-02,-2.908337320999196396e-02,-1.264103021687827677e-01,2.127224918342128512e-01,-9.967901363413046723e-02,6.483984249802486888e-01,4.208362773405983914e-02,-2.708422803677028659e-02,9.824487483454999795e-03,3.383938594323284699e-01,-2.562683306906321512e-01,6.133091649933695988e-02,3.431658340784567163e-02
1.429065970966793258e-07,5.302412391509342930e-06,2.545459149246203506e-02,1.364698415673735316e-02,1.842208033207396812e-03,1.820221190713791626e-02,1.104727594744390196e-01,-2.633614514800827061e-02,7.342629598340065511e-02,2.152642534750757747e-03,5.287077289847180034e-02,-5.696449552911930780e-02,-1.360954918040186042e-02,4.267632455769478084e-02,-4.732767255148759289e-02,-7.045313225478534724e-02,-7.477904408901039357e-01,-4.406321614498515810e-02,-2.422772670847554988e-01,-2.603483068572290948e-01,-1.443547685080075194e-01,5.067908773226449393e-01
1.091487654754949403e-03,9.040199487797951836e-03,8.327008165856659982e-02,5.719217698956333140e-02,-2.955227231566309176e-01,-1.322650711359864006e-01,-2.897099309416114599e-01,1.488726468217574928e-01,4.706354419712222570e-01,2.068309789738694005e-01,-1.362583640629233539e-02,-2.971289326958919674e-01,-1.529514888274000062e-01,-5.565943022950311514e-01,-2.984493365620727867e-01,-3.741386182060171275e-04,2.884502336285755739e-02,-2.422133785890982077e-02,-3.233562003005940183e-02,2.407427333458529370e-02,-2.193675916471419726e-02,1.590408669018718996e-02
5.067258965877597150e-06,1.636211043774568705e-04,4.765975137356900926e-01,1.383453910479265914e-01,2.128666432786157844e-02,3.691445130438646138e-02,7.674479028732089647e-02,5.827917473132356030e-02,-7.178231696910564175e-02,1.374559789471601137e-02,-8.369651477595935196e-02,1.683612928319308255e-01,7.011998744324930005e-03,-1.106929769343915626e-01,-2.353599426365595663e-03,2.442942821788166713e-02,-3.703349035405730239e-01,-3.839186125124370297e-01,3.888428483565369853e-01,4.824311625226859190e-01,-1.516187293254634208e-02,-1.425015329172205913e-01
2.430795393370685509e-01,5.828573060319739430e-01,-4.996921397325971258e-03,-3.184049170961755163e-03,5.208044167591824314e-01,3.073467890090607613e-01,-1.688491494881544375e-01,-6.941441388073574248e-02,2.948141838942154869e-01,2.041913601370722309e-01,-2.650446484269520231e-01,-6.154638327007057102e-04,-3.878776201537846319e-03,5.400443020703319524e-02,1.512942832249667552e-02,-1.785911630553222535e-04,-2.000790286234689283e-03,8.756138148696129960e-04,-8.558444055462589503e-03,4.258751264609363790e-03,7.099932603091946813e-05,-3.425325296414490506e-03
