-1.406912409190950730e-01,7.040244109162836494e-01,2.090467949015892002e-01,-3.024746259379633151e-01,3.973529840331595231e-02,2.569612118689533209e-01,5.298130992096168335e-01,-3.246942144912180750e-02
-1.475941856492886395e-02,5.276411391320704608e-02,-7.098051903212114766e-01,-1.412141341646798443e-01,6.129411723697577585e-01,-8.507946309212701189e-03,1.016586861994730057e-01,2.951770884326079813e-01
2.613330181357742706e-03,3.447605891332939602e-03,-2.257692355826331626e-02,-1.274484837320269959e-01,-7.052263831765370576e-03,8.628932573183194510e-01,-4.802533448622191004e-01,8.916651744944757707e-02
9.671651006013929353e-01,2.480014863618456300e-01,-1.440672949879789541e-02,2.538340164392248813e-02,-4.523257697803042925e-03,-2.356800863408132357e-02,-4.051597274715949826e-02,4.195839405833619133e-03
-1.101367087324806177e-01,3.442281847669962369e-01,1.322378303384064979e-01,-4.763045457273472061e-01,-5.386349053054064612e-02,-4.249865407720099242e-01,-5.808282256295773660e-01,3.227192820563787867e-01
-1.247338055099171499e-02,4.103654511059251497e-02,-6.079222627313054517e-01,-2.203401419276576345e-01,-7.526748046136835235e-01,8.922250997657098920e-03,1.053907129250202385e-01,-4.832174086278722552e-02
-4.297680572568356346e-03,2.193566733275589820e-02,-1.292645886124465238e-01,-3.291486915794728518e-01,2.292386997802453585e-01,-7.234075201258756416e-02,-2.032705074946563606e-01,-8.805394348391909487e-01
-1.796352501187734041e-01,5.651466527981378052e-01,-2.190732818856058195e-01,6.985166972216810821e-01,-2.613450592827565658e-02,-5.321630470139439989e-02,-2.947732057889883017e-01,-1.483763063123913484e-01
