1.513820269575672928e-07,-3.965847034951918860e-06,4.169387259854605808e-03,2.610136940490037985e-02,-9.143288610423004614e-02,-5.334043012190987226e-02,3.229193900399139790e-03,9.520276307436808041e-03,4.817475409262100827e-02,6.414061921783612528e-03,-5.079542850497978379e-02,-3.312013102315752855e-02,1.006503335697280788e-01,9.303646900503358408e-01,-3.162565349542271198e-01,5.241223041976129232e-02,3.798610803121144769e-02,-4.357951541207425589e-02,-1.160494500669314102e-02,8.574239324623443787e-04,-1.407659224724112923e-03,-1.528893439061571958e-03
1.955304554248344928e-01,-6.153111931151574732e-01,7.676467719335715095e-04,1.525557711113782310e-03,6.486929679859465558e-02,-1.377103874119842419e-01,-4.833424808931279654e-02,6.815445648226239883e-02,-3.061878284075960077e-01,-3.007449786743583986e-01,-3.123000559693821510e-01,4.333602624573643092e-01,2.822591212976377495e-01,4.703980652381196774e-03,5.608628910553945662e-02,-8.789833965604955737e-03,-1.476148553464801116e-02,1.625436667492476811e-02,8.456831758773099630e-03,-8.509501395503850851e-04,1.675868642352513690e-03,5.050092253336492575e-04
2.069896922814552547e-07,-7.341533765115539862e-06,-6.772256174273563745e-02,-8.677065319620250183e-02,-8.732670342592246948e-02,-3.513913076991337370e-02,-2.691231934913846519e-02,1.069374853317384827e-01,-5.259353445053632781e-01,6.918576314905973135e-01,-4.196676716199083668e-01,-1.744071565920020939e-01,-5.672169348144460305e-02,-7.361899308569857907e-03,1.445083700809139844e-02,2.548727440944931547e-02,2.783941773396699307e-02,-3.980244774790940576e-03,-1.012101012981264647e-02,-1.600552347616638260e-03,-4.819910751392659197e-03,-1.019141729213954512e-03
7.967326362364549064e-07,-2.594404159615328398e-05,-1.269952246564744480e-01,8.895015435867717479e-02,2.278705424912822602e-02,6.475177432393060262e-02,-5.508152654142033366e-01,5.803925982829252067e-02,3.724737594565947774e-01,-4.086036613425880065e-02,-4.609659745662018082e-01,-3.229539178443767162e-03,-1.937961557688437364e-01,-6.624718943214276401e-02,-1.234191621639749853e-01,3.143118508518394361e-02,7.964391533863528216e-02,-4.364999364661002051e-02,4.636431040545437726e-02,2.295377068729086145e-01,-1.779191862731860918e-01,3.983326850151063248e-01
1.408482657274270989e-06,-4.001425315188883561e-05,-7.730965109482484943e-02,6.013615269340152197e-02,5.057041549912064810e-02,5.891460573501849582e-03,2.687618583678135775e-01,1.872296271720680638e-01,9.652216233969158898e-02,-2.595900280089158407e-02,-1.134867119363995314e-01,7.207000097515139925e-02,-1.969586144712368869e-01,3.281550138668630490e-02,1.280365823032445505e-01,8.186573718412665235e-01,-2.048110057883955060e-01,2.346392633170116815e-01,1.637865344629573783e-01,-3.544718729093271348e-02,-2.026458665674267870e-02,2.245145063989753553e-02
5.306666280184095858e-06,-1.615417065856673807e-04,-5.816561449162941377e-01,2.153558116501589348e-01,-1.877275939384619001e-03,4.981904884631481456e-02,-1.151948899394904802e-01,1.064496098214494368e-01,-9.536602859667302201e-02,5.368871856446511687e-02,2.211346519323802440e-01,5.936142144382817315e-02,8.122387681763384992e-02,1.534359099046420788e-02,6.874959403059320226e-03,-7.266959229053125344e-03,-5.816350766049285248e-01,-3.755100512389135115e-01,-1.469190452712076655e-01,9.344067922158774686e-02,-8.298568952060011994e-02,-1.914923516424031982e-02
-4.229079414164226090e-04,3.447826562593942542e-03,-1.383927884676428299e-01,-4.850586597126360644e-01,2.675775402202471565e-01,2.540028770900942257e-01,5.162518340300335101e-02,3.479520527447663159e-02,-9.643688288593879610e-02,-6.302624636831831439e-02,7.665920968444266516e-04,8.578817881194265860e-02,-1.538555352864249270e-01,-8.134678019742137833e-02,-5.802420690687615235e-01,-1.499896807340609928e-01,-2.785360035838519432e-01,3.098150555383318849e-01,1.414315573141761706e-01,-3.910645732291084808e-02,1.788852706291270758e-02,6.584704786561965985e-03
-1.136551569384278728e-07,3.732655679344755661e-06,1.856475543131786907e-02,-1.318382899224868586e-02,-3.001879597883457419e-03,-8.726774638744574236e-03,7.461608938003844171e-02,9.800825807923458158e-03,-4.373327765817482810e-02,1.760051693760037936e-02,7.804489301193272277e-02,2.865664538865446767e-02,1.893042685333590214e-02,1.276353765855273853e-02,2.178848239677222409e-02,-5.083309102291021925e-02,3.174695867461457127e-02,-1.342999421349738536e-02,2.239332599625252010e-02,-5.405065232246937246e-01,-8.018046963577668551e-01,2.104528147228798274e-01
-3.882566090959238894e-04,3.067059254455981477e-03,-8.250149886978312003e-03,3.108101068451799617e-03,-4.545042910434273636e-02,1.387952303924548381e-01,8.024539827687852955e-02,6.072963408509757244e-01,-1.365561731216936581e-01,-4.093296958133397223e-01,-1.252976063808355078e-01,-6.057933087847588993e-01,1.612586806341048395e-01,-3.684510640194255116e-02,3.776107928182499077e-03,-6.523421911841363607e-02,3.625701796040139285e-02,-1.944655847748988017e-02,-3.096914373889773225e-02,-5.450246708124367040e-04,-1.269823355950547294e-02,2.494464347229756723e-03
-2.728441631531658791e-06,7.879910618283665483e-05,2.070619572858915514e-01,-9.082147882701883945e-02,-3.031012917936067464e-03,2.291153077941025448e-02,-1.220448563457703917e-01,7.306966201034055253e-01,1.696610138439505200e-01,2.874936572402971846e-01,2.709072135124552805e-01,4.300097637339408418e-01,-6.134237582040850262e-02,3.787014444608724495e-02,4.593225086072465213e-02,-9.604050260907048830e-02,8.253638681682316791e-02,-1.040081440598450251e-02,-6.800851027740080490e-02,2.263544821060474443e-02,3.119847748670749252e-02,-1.522219211272250045e-02
-9.339315758234492115e-01,-3.542600083038323633e-01,2.654755646774010721e-04,-1.947628351578906418e-04,-1.429625837061372759e-04,7.840762012205180912e-04,7.574334616571096320e-04,-2.724492447012074291e-03,1.560978555628420548e-02,1.620819503914341930e-02,2.106545802649103377e-02,-2.828760808257938658e-02,-2.198493181212285777e-02,-2.192983042369698319e-04,-5.136879024049019297e-03,6.664910976743403624e-04,9.451151464914849106e-04,-1.068600407894504259e-03,-5.790918700175118122e-04,3.496797945036146562e-05,-1.190535957813570832e-04,-4.213648348040304950e-05
2.226098493011327472e-07,-4.718308340924591065e-06,-3.252989129405325225e-02,-1.906015357464205806e-01,6.072626159066254470e-01,3.277998902351685895e-01,-3.505744008460728173e-02,-6.069531696482961119e-02,-1.083085456048937939e-01,1.182124070106126655e-02,7.716717239005427276e-02,-4.617686859239318771e-03,6.959953772724140897e-02,4.437665038481810459e-02,3.620735781920402657e-02,2.885342110535045745e-01,3.794008533429286123e-01,-4.398982923658926181e-01,-1.795353408901292080e-01,4.294800130413736067e-02,-2.378279248790826292e-02,-1.255913303485018014e-02
1.764112172742313411e-01,-3.924733643147286233e-01,-5.039079366445529430e-03,1.318872012235202014e-03,3.059967871092288960e-01,-5.876588339891941626e-01,-1.047249673717858681e-01,4.226024203927000733e-02,3.285561069805367773e-02,7.439397414741434622e-02,2.793760645278520749e-01,-3.482015687509987245e-01,-3.809056457304659804e-01,-2.705230357318027688e-04,-1.073947313303607598e-01,1.128000098722965576e-02,1.203964780246346948e-02,-1.439268133101357337e-02,-8.423283329110027584e-03,-6.632341498926609051e-05,-1.843449236345505058e-03,-8.019449631075189393e-04
1.690048525330328945e-06,-5.071584589794492264e-05,-3.133837817325422770e-01,-6.502826080538708364e-01,-4.800848081695861524e-01,-2.578464225616869387e-01,5.867007591846778308e-02,-5.068324770485013167e-04,1.020571321726508607e-01,-1.077168459599985029e-01,1.266910656836824425e-02,4.115998124245377754e-02,-1.828005086054797571e-02,-7.499784596564323946e-02,-2.788705129025761259e-03,1.608087138507034164e-01,2.137732086419558142e-01,-2.560731202341834378e-01,-1.031478849670033476e-01,2.514879885317928415e-02,-1.326602810371318476e-02,-9.739083761956037269e-03
4.256252933282802766e-07,-1.382877435095024558e-05,-6.695234031594622659e-02,4.732697492940495659e-02,1.123275088353305542e-02,3.336880830399961001e-02,-2.864341155913839865e-01,2.597943782030908214e-02,1.891487051015423304e-01,-2.328688321372237788e-02,-2.350897537332491405e-01,-8.630411292484914051e-03,-9.202841262132245570e-02,-3.358080734361443276e-02,-5.082903616394372770e-02,4.273131652846976630e-02,-4.185633061878847594e-02,-8.557907883104244606e-02,-1.603309498191868854e-01,-7.234767364834696624e-01,3.121299927773347749e-01,-3.847406226960048414e-01
3.621430681352458435e-06,-1.016841637071291355e-04,-1.836629369332568873e-01,1.411558161950415835e-01,1.170699290778787205e-01,5.994197046423619443e-04,5.982404127875349253e-01,7.574917017221860505e-02,1.468690345424550903e-01,-6.002561793077391961e-02,-3.370391331688218362e-01,1.551807619677505190e-01,-4.633543105912747984e-01,6.223844663313909259e-02,6.414640901438574405e-02,-3.465474172722751711e-01,9.424268987481936033e-02,-2.000708564613736806e-01,-1.135240696845585123e-01,3.095575109202429454e-02,3.318423699976565892e-03,-2.469672021087755340e-02
4.155102092698033713e-06,-1.253931504248873734e-04,-4.304727607952064106e-01,1.649381857622917169e-01,5.478108155744850806e-03,3.110699292253734163e-02,-3.496331908581470915e-02,5.308377344675280912e-03,-5.516909953132136113e-02,1.735477004353591082e-03,1.193859101678748785e-01,3.738606118314539983e-02,2.966565971191647416e-02,5.333202495420897443e-03,-1.910210181468956561e-02,2.049282457794889337e-02,3.450561583444183289e-01,5.756154750561804923e-01,-5.582981300686377102e-01,3.466581161504854458e-02,-3.846429239656516674e-02,-8.641131513205616704e-03
5.963334629014726846e-04,-4.805022888208124177e-03,-1.685705685660221775e-01,-3.824119986258754933e-01,2.847569586301950118e-01,-1.694194739859140181e-02,-6.939966240074349479e-02,-2.500776857119280105e-02,2.248962702463221941e-01,7.477453305715472953e-02,-9.605754390042439694e-02,-1.154726026171518233e-01,1.397937501595933052e-01,2.553957132478446024e-01,6.468154777899948193e-01,-2.200540804322962118e-01,-1.952646592030168882e-01,2.491503206051670638e-01,8.651575985378563705e-02,-1.548473743027410990e-02,1.321877648484639893e-02,1.043103587558660145e-02
1.810851053215417208e-07,-5.938448811510698931e-06,-2.970779058689839575e-02,2.078926173866089619e-02,5.123112426638100694e-03,1.485919385671683433e-02,-1.238674074648595247e-01,1.158369818053973065e-02,7.909293207247795887e-02,-9.969209032848718247e-03,-9.466218002453670455e-02,-2.291834525267157432e-03,-3.750693265214253419e-02,-1.384424834922813423e-02,-2.571312104315869040e-02,2.282871168630467781e-03,7.426381675045422293e-02,4.821249100402236198e-02,1.655440976125261421e-01,3.049747299111227328e-01,-4.380422383646691009e-01,-8.032682194974334333e-01
1.082311943513381437e-03,-8.787169388888189936e-03,-8.354613310564744377e-02,6.282859812272104105e-02,1.952970231899320286e-01,-2.558810655150590141e-01,2.943998596217502484e-01,5.393175093250369284e-02,4.315334819150986045e-01,2.846154336755249425e-01,-1.553883548388138858e-01,-6.412808544495110508e-02,6.098934992641129593e-01,-2.021239229608201293e-01,-2.939121211742239947e-01,2.047131399066074234e-02,1.484708008410040234e-02,-2.107032867802497572e-02,2.200247266662083267e-03,-2.835980906073507554e-03,-2.863293528684233806e-03,-4.202655590669791960e-04
4.339428132485197724e-06,-1.315790433252048012e-04,-4.619659740249951740e-01,1.759848912295133017e-01,2.842027509998049008e-03,3.545352297413832676e-02,-3.193120872405066230e-02,7.283320268202062020e-02,-7.454051037252543144e-02,2.332642806471911523e-02,1.647144286835851013e-01,5.179249229835140855e-02,3.240488743442444808e-02,1.251321267172174866e-02,1.326631465343288720e-02,-7.933909774561268002e-02,4.010734055484126981e-01,1.822584822494568990e-02,7.034943163451347070e-01,-1.477084339105818600e-01,1.579533758838084778e-01,3.966120242177708505e-02
2.416958386141840054e-01,-5.845810146045773426e-01,4.654241729308888388e-03,-3.140773180415712233e-03,-2.775563673726251790e-01,5.452167762539568141e-01,1.175325631999788456e-01,-9.565085272835144314e-02,2.811668582708777286e-01,2.494073981892339087e-01,1.308678679419697788e-01,-2.059945110281979352e-01,-3.835918772351140649e-02,-4.383123891036995110e-03,1.187399324413121980e-02,1.536093435102867891e-03,6.790731595860890514e-03,-6.781272475125782115e-03,-2.955616334673619866e-03,8.533667371833903283e-04,-4.790007938612922292e-04,5.708313902809516878e-06
