2.911902498695440444e-09,-1.211332903504103885e-05,-2.631402868032339457e-02,2.192700103114803012e-02,3.961482425603658764e-02,-4.244184215903887281e-02,1.963181176027427310e-02,9.622988251359376743e-02,-1.500977078612465432e-01,-2.383116445999680089e-01,-3.302743482023752786e-01,8.585940264035026859e-01,1.797472443320308200e-01,1.629339475397539594e-01,3.579227673626034223e-03,1.019703537618541801e-02,-2.148355475120406269e-02,-2.108522989467363231e-04,-1.578015956216929222e-02,2.286646047813975166e-02,-1.881962791259243935e-03,-3.684473763428135120e-03
-5.013535966197681798e-02,8.032633455138904477e-01,-5.849385237034422820e-04,1.986975434247859767e-04,1.724929609141710174e-01,-1.921231561724820180e-01,2.108429077998521528e-01,-2.088065810081573062e-02,4.165312067037609811e-01,-2.170017253960588796e-02,-6.523638593663080854e-02,5.350785065730919582e-02,2.034989066085080012e-02,-1.854094109295254533e-01,-1.573421968273027993e-01,3.332644655433273252e-03,-6.757615101659222943e-04,2.979751002116050383e-04,3.954748402945850415e-03,-5.704882769910864758e-03,1.382322209171370610e-03,1.047179351248136775e-03
-2.778576057914686733e-08,7.534892418362666515e-05,8.482728862150369642e-02,1.276651288836170260e-02,-1.157023980982775646e-01,7.314877971690465948e-03,2.049339187052567068e-01,8.434325959686277407e-01,3.754049156797635567e-02,-4.305593962615415771e-02,4.598759612049176937e-01,9.224279055531171834e-02,-2.317151038879961683e-02,-3.975649473549572321e-02,1.628411304502662763e-02,-5.941933955791266382e-03,-4.148537768559760856e-03,5.017797077351682624e-04,-6.788648116702743381e-03,6.317388265059225606e-03,-5.635540503362114657e-03,-3.661474790773765545e-03
-3.458475836688657446e-08,8.549274313240702464e-05,7.166127611443058598e-02,1.851319132681815416e-01,1.679889233270554991e-02,-3.758297043803109361e-01,-6.884630210777079595e-01,2.072169700116853475e-02,1.938384872357421518e-01,-6.691040061444925025e-02,1.770698408713553551e-01,1.676009396791631745e-01,-4.079326742566260489e-01,-4.369786862680088979e-02,5.385930472206680586e-02,-3.945202139892727000e-02,1.598551156396692610e-02,-1.299316523842471427e-01,-2.116822752643745531e-01,-7.353641305670599593e-02,2.693758941682948896e-02,4.795334681524309611e-02
-1.208941776702739536e-08,3.124579808146372517e-05,3.228281890822986416e-02,1.009442337888905306e-01,-1.115777238373249630e-01,-4.624622776438744309e-02,2.905831266545462199e-01,-2.000312898265250716e-01,-1.917824274718490651e-01,1.223210036705207060e-01,1.159666880563741675e-01,2.120792788644621785e-01,-3.115388822169970484e-01,-5.010856440765659725e-01,4.126819868778066613e-01,3.593205306465756532e-01,-2.843006601491614438e-01,1.090516876779204503e-02,6.802611362427852561e-03,-1.002026359220687807e-01,2.685260569553537743e-02,-1.565978994937878774e-02
-1.205327789811754906e-07,3.188573542525933785e-04,3.414811526279001308e-01,7.018244793447124819e-01,-1.585654318321448597e-01,-6.712946073468097075e-02,5.090096539968407691e-02,3.292864835907663434e-02,1.383857154251363214e-02,1.559922944460898631e-01,-1.492478013269682158e-01,-7.843190958993656592e-02,2.101548382665427150e-01,8.466583658341199359e-02,-4.586765790291514461e-02,3.626061904334519359e-01,3.255915361102439398e-01,-4.160149364234208558e-02,-3.228624253280612533e-02,5.956886635101197452e-02,4.733815482481551484e-02,-7.116211975425168479e-02
2.603775345726318585e-05,-4.055995048608578707e-03,5.279002001125796539e-01,-3.323932258180568589e-01,-3.806662007336242826e-01,3.103445560387456115e-01,-4.907445316007248877e-03,-1.029614440317294793e-01,3.897714724780662610e-01,2.568347407161264417e-01,-3.526940518600735208e-02,2.021241137314958303e-01,-1.831094756073321228e-01,1.960639617112198696e-01,1.997933855317538671e-02,9.670813800748854702e-03,3.878308414071737764e-02,1.226806996119109670e-02,8.195582130736071835e-02,-1.322892400470424279e-01,2.104786357257432822e-02,1.457238222282276202e-02
4.839142489310220320e-09,-1.203381706613843965e-05,-1.028647001501233581e-02,-2.760672021680453045e-02,-1.134275722593721704e-02,3.504077901661509231e-02,9.473954811887287664e-02,2.178941039624755511e-03,-3.369239584510260593e-02,3.524434457998448789e-02,-4.244867531776155833e-02,-2.487028621833613576e-02,6.098285709237154240e-02,9.005419574555834951e-04,-1.279846870143989089e-02,-1.087274181116128641e-01,3.461935214716236470e-02,1.346873707000630083e-01,-6.501880275810073551e-01,-4.711843148325101649e-01,-1.207069327633323169e-01,-5.381670725065272887e-01
1.415425281827153325e-05,-2.459506629794110718e-03,8.474853014678704506e-04,6.508487112670199859e-03,-5.446567452511813512e-01,-2.681709803149412985e-01,2.226115228508909472e-01,-2.710185109111595270e-01,4.266718083522511029e-02,-6.471031147623274027e-01,2.319337751657930824e-01,-7.862396489652424825e-02,1.726362064602768656e-02,1.551190356911780754e-01,-5.034280219138088930e-02,-1.942722531438452471e-02,1.378788253133298412e-02,-9.179559108959506027e-04,-1.372636297183317013e-02,5.370044922829025034e-03,-1.135161038466588231e-02,-5.527200656453944497e-03
5.260282164996701021e-08,-1.308980617377294639e-04,-1.128487760133783935e-01,-2.685819013843877556e-01,-4.088430249248484749e-01,-6.330375266277193935e-01,2.422824294780038731e-02,1.418360742942651465e-01,-1.650847647620704572e-01,4.539869400137632183e-01,-2.672577467660787742e-01,-4.618972595659069647e-02,9.621416521323072901e-02,-2.216264703785624998e-02,-3.086854782190423183e-02,-6.998953120704803910e-02,2.569426032208061914e-02,-5.572255015244519105e-03,1.698789336686933396e-02,4.094494764525563602e-02,-2.539564979039477324e-02,2.677616812464385376e-02
9.975691139907635341e-01,6.906073616229640999e-02,-3.186577160732346385e-04,1.891156979555408505e-05,-2.887558313607555861e-03,2.990065535947962743e-03,-3.096975475423587292e-03,3.068980352236589521e-04,-5.830027215987403089e-03,3.828853991781141380e-04,9.342886744989168128e-04,-8.512868696520241481e-04,-3.466258030899930349e-04,3.492160048292334770e-03,3.367072106299758092e-03,-9.264509471803577417e-05,4.489322457664928135e-05,-2.520932018628199626e-06,-6.705746782066385886e-05,9.776239041432176527e-05,-2.699997816916234800e-05,-2.016151963403638417e-05
-3.173996807994008573e-08,8.247428859874372234e-05,8.017786354649297786e-02,-6.233727316311149513e-02,-1.956389537473919582e-02,2.266255877805903665e-02,-4.519418839619846612e-02,-1.677528376336323568e-01,8.013348759955887801e-02,1.859504416377190938e-01,2.976742882630129539e-01,1.061228293811952023e-01,2.872777605085305996e-01,3.007753692895116099e-02,-2.050562739518382166e-02,5.318769437087982055e-02,-2.926172832476012786e-01,-4.664679238488388807e-02,-4.234794980248833829e-01,6.691031736829559096e-01,-9.204325632109489064e-02,-8.800817633771590431e-02
-1.764300625658915198e-02,2.037181737452139485e-01,8.681385870581117409e-03,-2.685173830951327178e-03,1.968229511905926488e-01,-1.497422792061006147e-01,1.087633888657759118e-01,5.715146791860879760e-04,-3.723674975708609475e-02,5.316424228499905258e-02,5.334668382007497905e-02,-9.829295317127668963e-02,-4.877324090260296702e-02,6.098124995757722155e-01,7.021002380383393193e-01,-2.398903267932124897e-02,1.604759657471845416e-02,3.103639397520743044e-04,-1.007501789053741673e-02,1.497838023846610397e-02,-5.039227002026429661e-03,-3.692864126062379848e-03
-7.693831620761111580e-08,1.969389576551871287e-04,1.829546128825000895e-01,-4.342981415933552802e-02,-2.440680800562871830e-02,7.092629236413384997e-02,8.569240221565319060e-02,2.584662965347326313e-01,-3.645551827580872234e-02,-2.792259681420848350e-01,-5.644595270258684350e-01,-2.386505399444350806e-01,-4.492402044434559705e-01,-3.359305522044514491e-02,2.403067919569810973e-02,1.550632209676564184e-02,-1.326320390867886945e-01,-2.627996426614413045e-02,-2.336596097332314104e-01,3.847510169697088700e-01,-4.941335597354601372e-02,-5.371672079930636667e-02
-6.756054318475423272e-09,1.665295606786096710e-05,1.380972626294385899e-02,3.636971012101575945e-02,4.171347990363293706e-03,-7.044507643105460404e-02,-1.301151165491344075e-01,3.886789517576522308e-03,3.604930718728600186e-02,-1.489701561111186727e-02,3.322874993806698013e-02,2.774335045048991269e-02,-6.932051958862869845e-02,-7.285972479474131340e-03,7.883945663394911763e-03,4.913963211230014394e-02,3.792800080014528674e-02,9.526879341788532241e-01,1.358826429517578649e-01,1.481542307088348776e-01,-9.402985956026410630e-02,-8.673386036746646988e-02
-1.256750429884271766e-08,3.147027055072897111e-05,2.890454078512654304e-02,8.926167634761852931e-02,-1.604860480894124142e-02,5.637987556693645902e-02,1.922176716808741692e-01,-1.383683138903066268e-01,-1.045739388581700541e-01,8.562285429357061051e-02,9.868532407438203313e-02,1.550149434646769242e-01,-1.915137326908509796e-01,-2.378672111104226383e-01,1.422523120652485762e-01,-5.744360166345133800e-01,6.002019222832922773e-01,-2.616226570989818243e-02,-4.791196691044165984e-02,2.675726541327009267e-01,-3.241176919213356600e-02,-1.711743426860773756e-02
-3.325459811058506792e-08,8.743698136838346966e-05,9.194953006008155239e-02,1.918925702747336925e-01,-2.475931201440405988e-02,7.693287981047213127e-03,1.938832359479387632e-02,-7.911881932087711650e-03,2.635112962184752664e-03,3.375215780369119484e-02,-2.802783316483751022e-02,-4.756089720957686583e-03,2.106016671561204701e-02,1.078413740275834627e-03,1.430593934090253032e-03,-1.649763990579353468e-01,-1.778320899113689235e-01,-4.582697493631703728e-02,6.822918206375228056e-02,-1.185179398254280619e-01,-9.037515954902689552e-01,2.340950336907395846e-01
-4.611802537341166567e-05,8.738083677368849167e-03,7.023882288936073026e-01,-2.738922668894965273e-01,3.331451377821831872e-01,-2.688482984516167851e-01,-4.251520557806041933e-02,-4.018551711684840294e-02,-3.370385406002748274e-01,-1.846705022287299935e-01,8.393177798542027224e-02,-8.113380462560522421e-02,2.134359569078893570e-01,-1.686099952362218879e-01,-1.613556635367696668e-02,-2.180392043124233792e-02,4.031118060774077638e-02,2.893326087404086890e-03,4.498720820954398014e-02,-7.042469813539950496e-02,7.710465335672363717e-03,1.217458495925740833e-02
-5.377533070323349829e-09,1.334237123809019249e-05,1.136387973821222259e-02,2.955652347674916566e-02,2.647949250444063627e-03,-5.544928808183171437e-02,-1.028616950362848392e-01,2.713268809734968329e-03,2.938365683046288007e-02,-1.027027565451652490e-02,2.480349768633408405e-02,2.149600246106106102e-02,-5.096087777918180406e-02,-2.810193928163156035e-03,5.247375778776081252e-03,-5.705302676092646047e-02,-1.060719146231555721e-01,-2.001971950095125796e-01,5.085066023039964689e-01,1.465754047645883018e-01,-1.420139862341814330e-01,-7.910958437549949762e-01
-3.201873158960569959e-05,5.596256461594846521e-03,3.490336852956691521e-02,6.803007502684541019e-02,1.979028656386503382e-01,-1.284221095693707515e-01,2.864309287463066567e-01,-1.285420412233323206e-01,-2.774435445235767794e-01,2.002763024266008829e-01,2.011526296926422486e-01,1.017833555768432874e-01,-4.792862915424938586e-01,3.913566404161617496e-01,-5.295534106305784805e-01,6.951041869046752086e-02,-6.054319720476031286e-02,1.719334078965586553e-03,-1.071615084397293735e-02,4.168819478587274668e-03,3.117061817493402363e-03,-6.843328049257441960e-03
-6.481270009195218589e-08,1.713173186610181318e-04,1.831554620333642469e-01,3.827483072127995656e-01,-8.015589505187534214e-02,-1.429350908838844525e-02,5.946408467351829014e-02,-4.744669593987200541e-03,-5.831282319008687653e-03,8.083874792184650437e-02,-6.928653500353885997e-02,-2.737634411795880282e-02,7.525233058888497473e-02,1.311570191723750167e-02,-3.902410640907693924e-03,-5.904903519590104510e-01,-5.436311029058621402e-01,9.792167987412768448e-02,6.069183019868427259e-02,-9.576647364068469059e-02,3.502184051186856273e-01,4.990918209500296715e-02
-4.506693713873088925e-02,5.553081384356596262e-01,-1.024165987081440340e-02,1.287744140357283259e-03,-3.337345803392009480e-01,3.389989165614581967e-01,-3.457797209007633654e-01,2.978569190352455334e-02,-5.770674836872662361e-01,1.179513515671609496e-02,7.219360545352877800e-02,-3.978579077860323193e-02,-1.119499453631623252e-02,4.488568217590375303e-02,-2.490435537770815944e-02,3.605515685682436286e-03,-4.507986794760231002e-03,-5.060987809873914757e-04,-1.934330417791172698e-03,2.639935178208272296e-03,-1.640077802081965554e-04,-1.662901281245626989e-04
