-3.527114296838744500e-02,8.220618822313949803e-01,-7.570811386226319883e-02,-2.040268719351603088e-01,-1.683722327570894017e-01,-3.164697485263164856e-01,-3.034301526822574813e-01,-6.727492423568001700e-02,1.599157288388318443e-01,1.578977862317309799e-01,2.815057983110789974e-03,8.752243455345240291e-04,0.000000000000000000e+00,0.000000000000000000e+00
-1.045471647770705422e-03,2.393783559782801731e-02,4.793820775250717814e-01,7.146210087544319078e-02,7.024600449961546644e-01,-1.481706256196563543e-01,-3.922802526657055422e-01,9.985456375867632350e-02,-3.560898595973396169e-02,-2.051306989345369480e-02,-2.871984492635195063e-01,-3.287497646863972445e-02,0.000000000000000000e+00,0.000000000000000000e+00
-5.086754768012262048e-03,3.081701402702087533e-02,2.657971483702361026e-01,8.095945584402208794e-01,-4.170370472513824645e-01,-2.940788386754204439e-02,-2.698149734549368794e-01,-1.665056088383298424e-02,-4.305519911102079038e-03,-1.247784767573046141e-02,2.484177064645566244e-02,-1.558189083182518753e-01,0.000000000000000000e+00,0.000000000000000000e+00
1.133910645566106774e-03,-1.878939579383520587e-03,-8.190533038735842153e-02,-1.876287740614829280e-01,-1.065537393065748295e-01,7.478252794915948298e-01,-5.807450692619655630e-01,2.131268692427141509e-01,3.718142466892602332e-02,5.012180410859779639e-02,2.785272730237290523e-02,1.129025921536241581e-02,0.000000000000000000e+00,0.000000000000000000e+00
2.872809841297809777e-04,-2.786216160555359152e-03,-1.230939067120880720e-02,-3.016453585522005723e-02,3.805837863779049784e-02,1.141023828988832894e-01,-1.344446255960050352e-01,-7.369395712265410792e-01,-5.929921753234704829e-01,2.673990842085273711e-01,-1.255311071539421709e-02,2.842599001658099780e-03,0.000000000000000000e+00,0.000000000000000000e+00
0.000000000000000000e+00,0.000000000000000000e+00,0.000000000000000000e+00,0.000000000000000000e+00,0.000000000000000000e+00,0.000000000000000000e+00,0.000000000000000000e+00,0.000000000000000000e+00,0.000000000000000000e+00,0.000000000000000000e+00,0.000000000000000000e+00,0.000000000000000000e+00,1.000000000000000000e+00,0.000000000000000000e+00
9.983866882600500592e-01,5.374562097770778368e-02,-4.599627865878693628e-03,1.123199887446268454e-02,6.039349268258149481e-03,6.906130047914668668e-03,6.575823132135764741e-03,2.165858363042853698e-03,-5.156000855662480099e-03,-5.424664365609784683e-03,-3.485991894224972062e-05,3.532670439441872284e-05,0.000000000000000000e+00,0.000000000000000000e+00
-1.610681724587395211e-02,2.018719631296229666e-01,1.525676880768246993e-02,-9.034430204421321775e-02,-1.194140909385016380e-01,-4.953954629975074186e-02,-2.221292896035185691e-02,2.530117060512369065e-01,-6.321925593413334488e-01,-6.852808622292254626e-01,-2.090944459793998844e-03,9.461785612476991333e-03,0.000000000000000000e+00,0.000000000000000000e+00
-3.729432954808924497e-04,7.548510744802637562e-03,1.505526360738926872e-01,2.412344817901822258e-02,2.183675599424810543e-01,-6.035185904148950009e-02,-9.837023029016632447e-02,6.875291100935093137e-03,-1.387674350815861976e-02,-1.381424369016623875e-02,9.474384598465706020e-01,1.327444967689215549e-01,0.000000000000000000e+00,0.000000000000000000e+00
-8.408477342499118832e-04,5.011795334993508939e-03,4.323809875362921717e-02,1.314787171613715777e-01,-7.071800641131661957e-02,-7.470706585479534347e-03,-3.021460822763658363e-02,3.452934059946118767e-03,2.041951543370399205e-03,1.227325285660686022e-02,-1.344242269703448955e-01,9.780652433975429716e-01,0.000000000000000000e+00,0.000000000000000000e+00
-1.879355909010808337e-03,1.361373620508200544e-01,8.015158584118774465e-01,-2.931599384445380818e-01,-2.753649623649737643e-01,2.447510495653053841e-01,3.287128188882816326e-01,-6.774694463839739389e-02,5.503384008127811672e-02,4.043077210131940796e-02,-5.113876903900338097e-03,-5.695496992262910271e-03,0.000000000000000000e+00,0.000000000000000000e+00
-1.822103237211461946e-04,6.420799891370427594e-03,1.880344572489635671e-02,1.421788118143141669e-02,-5.570899261741941999e-02,-1.020040945825251288e-01,1.089250437026333534e-01,5.726373067243760717e-01,-4.657434564123104637e-01,6.548732579185365665e-01,1.443331532256413897e-02,-1.150101406792307900e-02,0.000000000000000000e+00,0.000000000000000000e+00
0.000000000000000000e+00,0.000000000000000000e+00,0.000000000000000000e+00,0.000000000000000000e+00,0.000000000000000000e+00,0.000000000000000000e+00,0.000000000000000000e+00,0.000000000000000000e+00,0.000000000000000000e+00,0.000000000000000000e+00,0.000000000000000000e+00,0.000000000000000000e+00,0.000000000000000000e+00,1.000000000000000000e+00
-4.108272091086989652e-02,5.102770547895102426e-01,-1.392199018690080670e-01,3.865315722531825759e-01,3.815332976536942033e-01,4.777631282406837876e-01,4.414328603761564773e-01,1.187329659386922656e-02,-1.678699493787727190e-02,1.719431974710619940e-03,-3.209988841648511292e-03,-4.053021409280708684e-03,0.000000000000000000e+00,0.000000000000000000e+00
