-3.452251186879793515e-02,8.194416085919199455e-01,9.933672547775157513e-02,1.860768252527675581e-01,1.911812373651988195e-01,-3.115401269744776935e-01,-3.033038056681201522e-01,6.484941970593748051e-02,2.042068271024049808e-01,-1.434977135931908739e-02,-1.047772556303316893e-01,-1.136638248310779635e-02,2.938725586753927234e-03,-1.632826840848558732e-03
-6.984244052597852635e-04,2.336858381351027483e-02,-4.646184215972698484e-01,7.059122092066330567e-02,-7.040238319936048539e-01,-1.214590794712298027e-01,-4.175259604721072715e-01,-8.812692212526034019e-02,-3.584207717616963440e-02,-1.523625822585677504e-02,2.253895640539242337e-02,-1.289749269661506423e-03,-2.896535406982304051e-01,1.335056380226459088e-02
-5.557938019426782346e-03,4.389289818928814729e-02,-3.456831237843861482e-01,-8.045365011104989028e-01,2.928029418314470056e-01,-6.614675243766904300e-02,-2.325923560046186667e-01,-1.139742221604668829e-02,1.383060530878692327e-03,9.500771933803882352e-02,-2.132657153075953604e-02,9.406853691626356623e-03,-2.914441661336889585e-03,-2.781159346510616581e-01
1.239015944050511154e-03,-1.279161142413508950e-03,7.880852036972731123e-02,1.288254058744801589e-01,1.756282246753840537e-01,7.620446238369369407e-01,-5.662670757159735668e-01,-1.956070155352312434e-01,5.314741308297868394e-02,-4.888728247690234813e-02,-2.143873488167480357e-02,-1.486065603423158792e-02,2.856192862697027809e-02,-1.190291299174186298e-03
2.477364920060159265e-04,-3.135381849019309303e-03,1.259822801655212897e-02,1.562287336254852138e-02,-2.105961194983451204e-02,1.109180338695215096e-01,-1.364586931453526386e-01,7.206859816120188000e-01,-4.773822498334895359e-01,1.049949752620696203e-01,-4.492721812927214509e-01,-7.919472352644368884e-02,-1.375565392898094562e-02,4.009326061480582987e-02
7.963870918702607108e-04,-1.324348949661069766e-03,1.062904607556904024e-02,3.681227683474039281e-02,-1.840349097014441770e-02,2.777791625345495119e-02,-1.333358881139296980e-04,-9.686868193606609778e-02,1.089428441434995426e-01,9.538967132709291752e-01,-4.991529565640859950e-02,1.616431351250169068e-01,-4.762311373812399412e-03,1.939211920579447246e-01
9.984289623553357362e-01,5.298708518387892918e-02,3.756305718785513028e-03,-1.081752356515491148e-02,-7.155582972851246351e-03,6.568365777790611919e-03,6.648585784565801474e-03,-1.947478825337520432e-03,-6.643996664934796563e-03,6.917370407515301760e-06,3.786574365315734277e-03,6.529526196512991766e-05,-2.498179347938133847e-05,1.391011394763357089e-04
-1.582148723689839886e-02,2.000260910899917255e-01,-8.250035615608797626e-03,7.739026162213258342e-02,1.318439715272687329e-01,-5.376736946950044782e-02,-3.297458292746235226e-02,-2.414981346219294001e-01,-7.990498668707587404e-01,9.425573855801400169e-02,4.760271648474690975e-01,-5.120522373878161684e-03,2.295996251428220059e-03,-1.142686406635579121e-03
-2.577904814606087774e-04,7.476306622030823822e-03,-1.476839190415555891e-01,2.120249853520515121e-02,-2.211249048827422792e-01,-5.109907645832201945e-02,-1.057250218795839497e-01,-3.868411094516507887e-03,-1.418103862496944423e-02,8.232902474318053859e-03,6.914751247164981421e-03,-2.709254076187171071e-03,9.562351486213371832e-01,-1.655815885483812380e-02
-1.863223326152007968e-03,1.266226008999166673e-02,-9.977139169765661397e-02,-2.363719980579205293e-01,9.193394894204102996e-02,-2.482133000668463804e-02,-5.294702074436392208e-02,-6.463376787962083446e-03,2.572592657596994153e-02,-1.196634325112419101e-01,6.180847608670040488e-02,-3.013238291030332916e-01,1.950114474583202959e-02,9.011765859908048570e-01
-1.512658458086134621e-03,1.343986421875127957e-01,-7.779465083619900856e-01,3.344976930632820866e-01,3.025810157785658872e-01,2.200615239017512104e-01,3.405741051386472207e-01,6.732331686450487851e-02,5.592773656850414526e-02,-7.983122423556534078e-03,-2.994610771826647366e-02,1.378849773697930249e-02,-7.812406651149302918e-03,-4.208477007693652429e-04
-1.413618848186456261e-05,5.566860442604131161e-03,-1.237199629618932449e-02,5.917783747393174504e-03,3.191175345907715927e-02,-9.822199445468751677e-02,9.414334444312423555e-02,-5.961153552598663641e-01,-2.595520045461078840e-01,-6.724219139309671467e-02,-7.420509313755424552e-01,-3.401776557136076962e-02,1.061614698085420160e-02,3.317025853651513201e-02
-3.922293814413911834e-04,2.731418449248851008e-03,-1.912048437523478778e-02,-6.619080556805971571e-02,3.742485705854667333e-02,-1.123745696367828284e-02,-5.038900043082482350e-02,4.958428719416413388e-02,-6.185422909441493089e-02,-1.980228005471510733e-01,-3.467062441002812662e-02,9.352222671327595771e-01,9.437607358770831387e-03,2.641026917982131628e-01
-4.071724906653418491e-02,5.146783560696688298e-01,1.035189248843366577e-01,-3.408601201756108479e-01,-4.262426373720610839e-01,4.750435921371337633e-01,4.447413182360296369e-01,-1.174470596975800418e-02,-2.677952795481683065e-02,-1.153641235617031656e-02,-6.288312753251015276e-03,1.848979430350679645e-02,-4.688694485044782312e-03,3.300957932796948387e-03
