-3.133409320178935888e-07,-1.384920972698433045e-05,-3.074866394268690930e-03,-5.057524681526265331e-02,1.557625142790239892e-01,-6.325431355580660164e-02,-5.875436121383386529e-02,-9.481163235960715641e-01,-2.008176805603549830e-01,-1.626814111070347957e-01
1.449799958096213148e-01,-7.073562423381763997e-01,2.114221288612491700e-01,-3.181570053068417669e-01,-1.210048052812194297e-01,2.206007912247864300e-01,-5.149933108912968516e-01,-2.842059673615942184e-03,3.244768663830346900e-02,5.584656406550665697e-02
1.403309446892872688e-02,-5.422080994055880621e-02,-7.010328694070484534e-01,-8.854420321063664889e-02,-2.115436205627998500e-01,-1.736544758719502646e-01,-1.535907675781385817e-01,-1.059790278301215097e-03,-4.133838089602466792e-01,4.776944789040318828e-01
-3.437601815873306179e-03,8.326041544853966803e-03,-4.944509576549573765e-02,-1.513580682442537684e-01,4.709050747301312123e-01,-5.779656955432722620e-01,-2.329272450505527614e-01,-2.290333363851522475e-02,5.320908781720452563e-01,2.843738317147880279e-01
-9.663829521294977631e-01,-2.512483308660939385e-01,-1.273236789905028525e-02,2.394903105982118877e-02,8.947195767132081617e-03,-1.786244525469555741e-02,4.252170466352674094e-02,2.484233285418111642e-04,-2.495831452338330425e-03,-5.393632412792382508e-03
-2.412748458052153956e-06,-3.228989171196671945e-05,-9.735425259042203294e-03,-1.602236164482002678e-01,4.976302411715899932e-01,-2.277448944885057946e-01,-2.067696108974250713e-01,3.170558321335565366e-01,-5.647889323815332707e-01,-4.609397015483739923e-01
1.053164008412006969e-01,-3.190288216336319982e-01,1.222916892896852570e-01,-4.488050140287534462e-01,-2.204817108120313285e-01,-4.399241341029316854e-01,6.472582576022651857e-01,3.331990492329362560e-03,-7.787456705852648098e-02,-5.986349334868890787e-02
1.219915975959479787e-02,-4.313576603843850832e-02,-6.185399165903510132e-01,-2.142588482562465257e-01,-1.160151059000130158e-01,1.152863838595187679e-01,-2.093553566432911767e-02,1.745520478044774310e-03,4.232208659391315519e-01,-6.026477443380928722e-01
3.239085659813288262e-03,-1.111419164970925237e-02,-1.424323586022818722e-01,-3.942053406675525284e-01,5.470200547474656227e-01,5.684652844930989657e-01,3.475821937572922682e-01,1.312416087382190519e-03,8.372469829570886382e-03,2.844507577882818827e-01
1.833717271966560369e-01,-5.742374018023111981e-01,-2.081071190057473541e-01,6.606762558153655984e-01,2.925321252457936394e-01,-3.114775839294851856e-02,2.621600502371081443e-01,1.157556854278675700e-03,1.921758399546321175e-02,-3.436209380436740235e-02
