-3.511407774820785033e-02,-8.281278676986043585e-01,-1.823635485847071094e-02,-5.208125815934686736e-02,-2.166320697182835264e-01,3.079265640113825198e-01,7.896754035741013200e-02,-3.144671934332911034e-01,-7.252577177113846141e-02,1.121373717563487957e-02,7.464880351787617219e-02,1.498299224365602922e-01,-1.721178040190134151e-01,2.929979653192403468e-03,-8.121560119826211344e-04,8.655248573154807621e-04,1.610866230849866915e-04,-3.093290800080782392e-04,-3.239373981621367776e-03,4.140281497834587894e-04
-5.939812350202738589e-06,-1.519740016611890836e-02,4.674994676602976518e-01,5.849995166365506288e-02,7.005873093940048202e-01,1.183812639648949422e-01,1.950521282456064431e-01,-3.027656038964313123e-01,-1.484226382709075420e-01,-1.177446099397742585e-01,1.446934605289170728e-01,-6.710736179387172262e-02,3.322559997539131782e-02,1.140677712691082896e-02,9.707470272889505425e-03,3.449601789053349798e-02,-7.517709266681536252e-03,-9.520762512480845929e-02,2.643102950167461884e-01,-2.025150824069235633e-02
-4.105655665321504732e-07,-1.054103776853869022e-03,3.784667306328527020e-02,1.365812486047419949e-01,-8.236748752489753134e-02,-9.739880012788135200e-02,-6.116789203682303500e-01,-1.361516183678991299e-01,7.069392667048196577e-02,-3.257490126825177135e-01,6.333405169395472933e-01,-6.994350270137458803e-02,2.028531212340549741e-02,-9.921316095667124732e-03,-5.693789678381416114e-02,-5.605722826043743612e-02,-1.516135047537080227e-01,-3.261569654894623527e-02,-6.930426210265500271e-03,1.511214727792546952e-01
-6.097798060748277732e-08,-3.570971331720047414e-04,3.894380727094663014e-02,3.249155646645148776e-01,-1.624288412627751532e-01,2.879984789779963580e-03,6.142669161281195667e-01,2.514440857783633576e-01,2.734147797296506144e-01,-2.166733585379970739e-02,5.240437742386433451e-01,1.435934052618249024e-01,1.698120582325215178e-01,6.245015001882472938e-02,-7.725525188953399902e-02,1.017285106783517579e-01,8.678234324525762114e-03,-6.790232775958572609e-02,-4.205031226514763937e-02,4.330132395082720437e-04
-1.575725586440056133e-06,-4.507801424032071257e-03,2.015424761854667512e-01,7.179959769149709681e-01,-1.769496010348731718e-01,-1.676363773892799724e-01,-9.313738316423110508e-02,-2.331925605632575726e-01,-3.827709132396718561e-02,2.957131086106425111e-02,-3.324983468868202285e-01,4.230912605837029022e-02,7.232513061692697268e-03,4.068100794218421079e-01,1.392460578754588924e-02,-1.207242591056925246e-01,3.686635349107758586e-02,-1.520016534786051421e-01,-4.301585815996519790e-02,-7.863289281935701217e-03
-2.796382175347178069e-05,-4.389420850748407266e-03,-6.849005044579893620e-02,-2.077061114964387500e-01,-1.712851787407000392e-01,-6.838611867791128951e-01,3.060513236642768420e-01,-2.757192539053897051e-01,-4.879589687055070346e-01,-1.521581779096201348e-01,1.295487948827838132e-01,-4.460266499169734944e-02,-5.823607094557785996e-02,2.935361565610651591e-02,-7.747706369693932622e-03,1.785601881601665743e-03,2.039322246026464055e-03,-2.116448163933510804e-03,-3.274951370243991966e-02,5.380372636492511060e-03
5.589253713894566100e-08,1.440211253536338948e-04,-5.239289967779620603e-03,-1.922063868979130910e-02,1.107060225027734456e-02,5.504963903284454049e-03,8.435091192902703650e-02,5.207530325022836915e-03,1.217152353470008289e-02,5.751504120826331744e-03,-9.994165822872305704e-02,3.351671783576348068e-02,9.030465709757080905e-03,-1.927453054630092200e-01,-7.342395647592769858e-01,-5.295367866532048051e-01,1.178445021646201338e-02,-1.463841795082275188e-01,7.283453419763058490e-02,3.120797778550795099e-01
1.108915511696694643e-05,2.286499599422631319e-03,-9.896867933472880755e-03,-4.936569929348234853e-02,3.092850629997034514e-02,-2.216299940236882426e-01,-1.302293875859677694e-02,-3.580015609950047417e-01,3.740910738131592028e-01,7.318718372755262935e-01,1.888710820377084987e-01,-3.139355522505768437e-01,-8.459692246509090130e-02,-2.847220655022957361e-02,-8.258475977873189905e-04,-3.050251270440255610e-02,-6.182766279416099763e-03,4.516404777720729735e-03,1.607854888358010645e-02,4.984023025115151030e-03
2.676656791432234342e-07,8.250448816956454596e-04,-4.296089898453784445e-02,-1.804093882939645510e-01,3.606606579440156668e-02,-2.161219356373886291e-01,9.350432451293264058e-02,-3.630452588424750160e-01,6.825404049727737954e-01,-4.496658819470596424e-01,-2.524265011091805788e-01,1.894624120311683424e-01,6.742087376167597845e-02,-2.472295495466802703e-02,2.769008441467861806e-02,4.208663406916404726e-02,2.905892994939478224e-03,3.949851351159217733e-02,1.134718817838091358e-03,-1.054133591764304725e-02
9.984757803698044443e-01,-5.232727822068055507e-02,-7.896886962896339582e-03,3.805808297416603432e-03,8.225017797103731376e-03,-7.052751128819780696e-03,-1.689483100613272575e-03,6.764318955166628150e-03,1.436577778004484484e-03,-5.815158228790602525e-04,-1.816519123946342068e-03,-4.875515148807089451e-03,5.968843167030715366e-03,-1.208777335294176285e-04,5.142272769827165290e-05,-4.696204086509155219e-05,-9.882894293852534650e-06,3.237021290106800806e-05,6.584907450934271889e-05,-7.108545018464700311e-06
-1.620133911507761620e-02,-2.042678889217400817e-01,3.241777057184474370e-02,-4.621245701464132133e-02,-1.353049099499200325e-01,5.542794461274294648e-02,2.841353789646563002e-02,-1.511864304604529884e-02,-2.476457155589933262e-02,-1.038429868864844258e-01,-1.158493220461092460e-01,-5.749030415694554863e-01,7.593063648913110919e-01,-1.786175337427459153e-02,9.523339218577573165e-03,-8.145598734674389454e-03,-1.806264335665989929e-03,6.887676096467165547e-03,2.428250331462388639e-03,2.316958671881573121e-05
-1.853574456988977469e-06,-4.739060641711678387e-03,1.456018150225857621e-01,1.941053257972184115e-02,2.164831703094602378e-01,5.126203708018862992e-02,4.922561552347827496e-02,-7.827704307837995978e-02,-3.136068444812287886e-02,-1.254908281478289353e-02,2.975137678099953192e-02,-1.502325837194777233e-02,1.425168191130070719e-02,-1.478337952980824689e-02,-2.446911645737585156e-02,-1.231140089795583342e-01,2.355711399793462488e-02,3.136925482856707803e-01,-8.929999871565247327e-01,7.430658080607001337e-02
-6.362411584471943037e-08,-1.641587686593289725e-04,5.981588144511651266e-03,2.203852192758647480e-02,-1.311494612862326888e-02,-1.430429817869766605e-02,-9.922808503606725394e-02,-2.013959608760008957e-02,6.935081518949377452e-03,-4.762119191224982451e-02,1.101848443076352407e-01,-1.717291697010840668e-02,1.620965415873771654e-03,-1.229853135046902156e-02,-5.271011755202249099e-02,1.026611696353160437e-03,9.691690979490017455e-01,1.553006127333627917e-01,7.609748067514073011e-02,-4.435588872383310066e-02
-2.184495357071779622e-08,-9.022857532670541586e-05,7.807724082274178183e-03,6.159565053605114276e-02,-3.198543652737550341e-02,-4.286062190469278575e-03,1.116080034181122504e-01,4.920535878066864544e-02,2.645979942054865752e-02,-3.210024687851113778e-02,6.769898475931501736e-02,2.197222398011174430e-02,-2.106464245391169356e-03,-9.015600216403356348e-02,5.104962981941024713e-01,-7.282296767507882018e-01,-4.391001288675297487e-02,3.565639712394503280e-01,2.116796812275049955e-01,2.231277997391855478e-02
-3.637731461233748069e-07,-1.044547615300025394e-03,4.715040516231781831e-02,1.708957975470477564e-01,-4.280834821929773576e-02,-3.262031337268772591e-02,-2.007406758770805943e-03,-3.384353714741217961e-02,-3.546830430795932382e-02,1.955412501179704110e-02,-5.537337712269446710e-02,2.433756693541492926e-03,-4.204468663267277306e-03,1.730330014086646148e-02,-3.213456373866057092e-01,2.722365765520746161e-01,-1.670068892435544183e-01,8.266756346598465033e-01,2.619329109117433663e-01,4.718275167937608511e-02
-5.085475227905437469e-04,-1.292570203106725435e-01,8.078772465003715153e-01,-2.800250105388999988e-01,-2.647598073857513890e-01,-2.109536087532568327e-01,-1.042594073327322707e-01,3.127910547064814417e-01,1.160145042197031212e-01,6.993121872433240294e-02,-5.579964859200411964e-02,6.956681518436087786e-02,-5.042980622918959155e-02,2.137085312648900524e-04,-1.518930924427575003e-03,1.233920046566484505e-03,3.574223002783997820e-04,-1.829289712008394736e-03,7.113375103359759026e-03,-1.124975947814783536e-03
-4.138063959748379866e-08,-1.054510987955968159e-04,3.699544146443908138e-03,1.301029517184034562e-02,-8.252661403430006093e-03,-1.196926445989695068e-02,-6.111333154360892167e-02,-1.541775840843704823e-02,8.085434295193273321e-03,-4.050782730311722896e-02,7.179250525338291833e-02,-6.413309259013321058e-03,2.470416765629554565e-03,-5.309824045667831810e-02,-2.618757831105792966e-01,-2.035525288743327832e-01,-7.477131018481188163e-02,1.805637102829634258e-02,-3.805356794541082943e-02,-9.319488324167229942e-01
-2.880918197762233414e-05,-6.165770580804049925e-03,2.464969570185837275e-02,8.235412896841136365e-02,-8.045982282013393327e-02,8.603448730435234171e-02,1.742015497741961627e-01,1.268701213247277748e-01,1.248968792993644938e-01,-3.099404418645960169e-01,-5.411320463682128129e-02,-6.862944485323814181e-01,-5.873665481027028346e-01,2.424382573903739388e-02,-2.349642881988428175e-02,9.252240709928534479e-03,7.838929477956293969e-05,-1.356293558891515788e-02,-1.533031888950971144e-02,4.443266124715738140e-03
-7.779423899524057786e-07,-2.218272447504522887e-03,9.885048678374711018e-02,3.561222637061923768e-01,-9.315751192027163508e-02,-8.400899122310366562e-02,-3.496870874446284926e-03,-8.020718865208251169e-02,-5.063640405123036314e-02,-2.446794054192433492e-03,-1.077322880588972714e-01,1.754346752091604303e-02,-1.989961673612490947e-02,-8.822742760478330393e-01,1.187085195329195264e-01,1.626390500675988504e-01,8.679312922709606429e-03,-7.434802166157876424e-02,-3.764168616442397503e-02,-1.919289290719194269e-02
-3.937478599299098353e-02,-5.026819004808399383e-01,-2.078219874177892057e-01,1.656087268501179044e-01,4.609394177401557324e-01,-4.731853382473775738e-01,-1.239795430079533578e-01,4.542125670943930604e-01,1.101889945081023225e-01,1.763650867978877601e-02,-6.426234115668945368e-02,-2.114160054707001427e-02,-6.482249054043503871e-03,1.621599116253444632e-03,-1.848485742239777208e-03,1.356592089735062260e-03,3.411445182794198543e-04,-1.701454720571238125e-03,3.508911875341008853e-03,-5.505104557747284369e-04
