4.907308539906307851e-07,-2.333510879100391140e-05,-2.163044970213201263e-03,-3.674161615266396952e-02,-2.268091595801403626e-01,1.723573482180676131e-01,2.436383414692451163e-02,-1.363402101753668529e-02,4.663419807277910389e-02,2.284006052983906729e-02,1.599791481227763601e-01,6.905967056201758880e-02,3.789583021077897462e-01,-8.583773100128669897e-01,4.274162895649077920e-02,-3.754477836103128213e-02
1.368534978759771426e-01,-6.652277129424001290e-01,1.246376141887051365e-03,-3.099773955338510634e-01,7.462692889355654335e-02,6.977547717279329598e-02,-1.973746387789249990e-01,6.072499210789745749e-01,9.661993726141195060e-02,-3.371440042075850296e-02,3.439579292394209786e-02,-5.795519174674447493e-03,-9.392806686471488753e-02,-3.549564984495513775e-02,4.694372209158580167e-02,-2.310395660090075118e-02
2.601759916182862646e-05,-1.543427430596383196e-03,-7.420442178803156041e-01,4.953426869609710986e-02,5.229696373571985496e-02,5.202930195651048195e-02,-2.269423022238056253e-01,-6.920970553229692512e-02,1.059526561174634479e-01,1.251681561735326353e-01,-3.118184597885132608e-02,5.612883261741369312e-01,-2.719998216571934552e-02,3.317641429843407735e-02,-5.508340110659391137e-02,-1.933776607682319015e-01
-1.045803144867372752e-03,1.302336622991287149e-02,3.448798317071146563e-02,1.196420814621017154e-01,-3.776726386264183666e-01,4.235160348982314749e-01,-4.443622032891945128e-01,-8.294672683661200030e-02,-1.841907363034993583e-01,-3.478515732157620999e-01,-4.764206125852601392e-01,-7.483389437209519990e-02,-2.230253278826574981e-01,-3.648843804782898881e-02,1.379542437501364571e-01,-1.945600348068492885e-02
-3.261377606320687759e-04,3.680192880717394945e-03,1.358874394642640808e-02,5.808990793087788485e-02,-1.463580410533855437e-02,4.882625218769440223e-02,-1.654757139910676689e-01,1.167738581855764790e-01,1.375668514722345193e-01,-2.676706921542340023e-01,-1.401284629972202878e-01,3.978507008810704820e-02,8.033018633283834919e-01,3.162975219213134959e-01,-2.530853841774147739e-01,1.778465889954861379e-01
-4.232368947052450700e-04,5.086801021121790251e-03,7.410636414858207642e-03,7.179449744518917598e-02,-3.196519699255368635e-02,6.106911296117483422e-03,-2.826566426925201658e-01,9.640177001251930278e-02,-5.020379162074180002e-01,4.653018934450458555e-01,1.682723444228080220e-02,-2.632828651648987939e-01,9.742677299045286732e-02,-2.973460301731843756e-03,-4.954551683540333595e-01,-3.337541687443832950e-01
-5.255269710680424876e-06,3.260656121612192336e-04,1.732477557859060102e-01,-3.716970832334760833e-02,-1.222420888651832432e-01,-3.924446965827250167e-01,-6.753588463063893155e-01,-2.462534696150322500e-01,4.020302908912395945e-01,2.424202545383524199e-01,1.440657969364985969e-01,-8.277517143647378228e-02,-3.294252134479649929e-02,-2.854556949258217624e-02,9.708631075137409694e-02,1.535212765736193585e-01
-9.657762572606357621e-01,-2.543332164695590314e-01,1.112507671907070556e-03,1.926913863697562665e-02,-3.501890400082681085e-03,-1.283064073864244358e-03,1.046353659668368928e-02,-4.386616138146945398e-02,-9.433405090000171120e-03,1.163159781535900864e-03,-2.230549178043196579e-03,6.614251120287287320e-04,6.539824999085400853e-03,2.547948823171148399e-03,-3.929380936950882010e-03,3.194845638343956663e-03
1.812428452185851609e-06,-8.097747686758564217e-05,-5.787586554244310115e-03,-9.796845119542649249e-02,-5.808274966561550734e-01,4.175048690459626233e-01,9.923552483441798466e-02,-2.559458066937244508e-02,1.437392761511444295e-01,1.223711023625378147e-01,5.557014273428672047e-01,-7.713861061378549620e-03,-2.619573764280811942e-02,3.478283558288975952e-01,-2.169010622762099910e-02,-3.942743525976970254e-02
1.270948935660629886e-01,-3.920392049101021903e-01,-1.275110025756114995e-03,-5.083636753574952705e-01,1.415560532989654230e-01,1.268985387744941684e-01,3.012974433651032652e-02,-6.757067890329038207e-01,-2.225004746298966662e-01,-1.832836435898977170e-02,-2.954009368930453697e-02,1.729749951341731651e-02,1.019396061749933274e-01,4.174009230638704021e-02,-7.902144995396022387e-02,9.324997032613629999e-02
2.263269033628449110e-05,-1.287919698317422116e-03,-5.700145717473156237e-01,4.672952553128911779e-03,-3.430252068330223031e-02,-2.292343281555459800e-01,-7.129818239243608524e-02,-6.596979393125193200e-03,-1.874875463722047164e-01,-3.701871881118255492e-01,3.028798630694885530e-01,-5.692678600175569148e-01,2.162663366753865557e-02,-3.721916239861387116e-02,1.101543949614465501e-01,1.192840765966050876e-01
1.066913056960262741e-03,-1.381364261162738340e-02,-1.442346515834594667e-01,-3.136852764521689263e-01,-6.105251235094222295e-01,-4.647269529202205929e-01,2.743963436454108784e-01,8.894243535770524067e-02,-2.108662047655880667e-02,1.284476419351246734e-01,-4.158037170252934511e-01,3.116063141394419256e-02,3.878186454109969292e-03,8.325385404627218267e-03,-1.004465367323753161e-01,8.779956000000198324e-02
4.990359770211264326e-04,-6.116673952388042117e-03,-2.679952688181220111e-03,-7.351784849345788242e-02,4.102878916575853317e-03,-3.455559539414732734e-02,1.684228354250505086e-02,-1.860273675434801627e-02,-6.480949324296690628e-02,2.055181844196443675e-01,-1.191193459455807402e-01,-1.297515074781916966e-01,3.463791706437208684e-01,1.758021112695751231e-01,7.098067605105291555e-01,-5.104274852407216789e-01
6.735713576461432569e-04,-8.184880217239230357e-03,-3.444611480597569581e-02,-9.323415248807341571e-02,4.993881594838365384e-02,4.437623277331063931e-02,1.107597479084774100e-01,-1.405032360515830470e-01,5.698951981937500078e-01,-2.068779802133147161e-01,-1.544608961290234173e-01,-3.213432123975948906e-01,-8.816113717947121620e-02,-5.491436201063924077e-02,-3.435432583184059863e-01,-5.745196147588077507e-01
7.266984808062626225e-06,-4.720767346941850853e-04,-2.663005900947895133e-01,5.380085315380938454e-02,1.311064524702374445e-01,3.794623788592732527e-01,1.102141895797968535e-01,1.534366176947727506e-02,2.739631199108903958e-01,5.089497321403744223e-01,-3.032439957310917866e-01,-3.889629720735673368e-01,2.624178919307299310e-02,-1.982604919065785593e-02,6.438260106262663762e-02,4.123887584079522495e-01
1.799750192354351019e-01,-5.818791450514445573e-01,7.351286692874108193e-03,7.014774951791522550e-01,-1.743833502156945658e-01,-1.443175486612206515e-01,1.793382443390848791e-01,-2.199667793039066510e-01,2.921181300420601021e-02,4.286587259500999891e-02,-1.689611887979413501e-02,-3.859481841636442506e-03,3.426295097492005476e-02,1.120920492898999470e-02,-1.893068268128917644e-03,-2.866828395326501133e-02
