-2.193741276312222988e-01,7.605657646777731484e-01,-3.098093610787114871e-01,-4.634628577937516813e-01,-2.322160598807206794e-02,-2.144781295568321811e-01,1.130145478335795456e-01,3.831928187736865360e-02,-4.113437973417298499e-02,-1.273755609216013947e-02,0.000000000000000000e+00,0.000000000000000000e+00
4.234348564376775974e-03,-2.523283344028205699e-02,1.252909336412990904e-01,4.657381611457638709e-02,2.093546740103774950e-01,-4.675023390925997502e-01,1.513666563710022728e-01,-8.343731431868880444e-01,4.428037047942819321e-04,1.288951134858886739e-04,0.000000000000000000e+00,0.000000000000000000e+00
1.485376256133755322e-03,-4.736527488444295352e-03,1.390923763315328986e-02,1.405174266373309111e-01,-1.401617601945775449e-01,1.910735969534047840e-01,9.599874839585793573e-01,4.199755345499909392e-02,-2.064338959998252010e-02,-1.078855983727366498e-02,0.000000000000000000e+00,0.000000000000000000e+00
1.471310670804270400e-03,-3.025713221806552045e-03,6.033885695971617259e-03,2.263121462090788433e-02,-6.251706216279231607e-03,4.961312041186497629e-02,-3.269777937364609643e-02,-3.341481023220593816e-02,-4.675360683810599882e-01,-8.810016376539501204e-01,0.000000000000000000e+00,0.000000000000000000e+00
0.000000000000000000e+00,0.000000000000000000e+00,0.000000000000000000e+00,0.000000000000000000e+00,0.000000000000000000e+00,0.000000000000000000e+00,0.000000000000000000e+00,0.000000000000000000e+00,0.000000000000000000e+00,0.000000000000000000e+00,1.000000000000000000e+00,0.000000000000000000e+00
9.416198952889965890e-01,3.280775236803887829e-01,5.912316614083228811e-02,4.343471491550694730e-02,4.518382097821791073e-03,1.457478559130909526e-02,-9.096118955597854577e-03,-2.521244898543311113e-03,3.318913072801207495e-03,1.427103949538817895e-03,0.000000000000000000e+00,0.000000000000000000e+00
-1.443700603286127981e-01,3.581453493933002830e-01,-3.372974316661485616e-01,8.323124138526268867e-01,1.792986663743596221e-01,2.768252629424310107e-02,-9.309047134208989216e-02,-3.137351574066961964e-03,5.239650955044308778e-02,-6.346310627243969410e-03,0.000000000000000000e+00,0.000000000000000000e+00
-7.648227279104503895e-03,5.229383332355869857e-02,-2.808922793408757390e-01,-1.050747788609060762e-01,-3.471572840450292130e-01,6.829404359280463188e-01,-1.418792087366102239e-01,-5.451404659422922627e-01,3.036053353573607561e-02,4.593756091304791733e-02,0.000000000000000000e+00,0.000000000000000000e+00
-1.811206117169313849e-03,5.405631546286513572e-03,-1.154455547192481842e-02,-2.032392829021846814e-01,8.821102235722770857e-01,4.175274507853643513e-01,7.640012111428001740e-02,-1.199509315158537974e-02,8.658702332152131212e-03,4.956129763097122040e-03,0.000000000000000000e+00,0.000000000000000000e+00
-9.413669149960792425e-04,8.257052255317568271e-04,1.324647532630029035e-03,5.317505388722488374e-02,1.349777093357193772e-02,1.392642336985583894e-02,-2.199691221714797709e-02,-5.664041395342402779e-03,-8.803929485196531068e-01,4.703033771822386355e-01,0.000000000000000000e+00,0.000000000000000000e+00
0.000000000000000000e+00,0.000000000000000000e+00,0.000000000000000000e+00,0.000000000000000000e+00,0.000000000000000000e+00,0.000000000000000000e+00,0.000000000000000000e+00,0.000000000000000000e+00,0.000000000000000000e+00,0.000000000000000000e+00,0.000000000000000000e+00,1.000000000000000000e+00
-2.104739598559279279e-01,4.268535247623340134e-01,8.317390557372097426e-01,1.138890236064448863e-01,-7.042535677617581258e-02,2.335821282229889884e-01,-8.044628906359778397e-02,-4.585254237897161411e-02,2.113654736549444579e-02,1.396631234063830732e-02,0.000000000000000000e+00,0.000000000000000000e+00
