-2.194237577579017939e-01,7.602093541167768143e-01,-3.101847064315943481e-01,-4.637987583299195693e-01,-2.469384085747880139e-02,2.144854100763970706e-01,1.128861780857961378e-01,3.732151907170953159e-02,-4.109641680751209558e-02,-1.312382327430072944e-02,0.000000000000000000e+00,0.000000000000000000e+00
4.246317379363738660e-03,-2.527530141398935323e-02,1.256003267610882601e-01,4.716138319894743608e-02,2.077139941311375027e-01,4.680429673610163599e-01,1.494731392658289193e-01,-8.347406469275601149e-01,-2.726520387488179194e-07,-1.141512648274295665e-05,0.000000000000000000e+00,0.000000000000000000e+00
1.473483677500276624e-03,-4.681094315811876877e-03,1.378040071024677106e-02,1.408543868908345154e-01,-1.391602104363843795e-01,-1.904976290897596458e-01,9.602569686303026320e-01,4.068861189781108889e-02,-2.058377786988124791e-02,-1.088332401413098088e-02,0.000000000000000000e+00,0.000000000000000000e+00
1.471033857638630966e-03,-3.026831370147677492e-03,6.077616657955231191e-03,2.311587701043885806e-02,-5.960251914824997617e-03,-5.002617963038902965e-02,-3.288026714991899163e-02,-3.308893793922169230e-02,-4.670578449032258828e-01,-8.812265484189075737e-01,0.000000000000000000e+00,0.000000000000000000e+00
0.000000000000000000e+00,0.000000000000000000e+00,0.000000000000000000e+00,0.000000000000000000e+00,0.000000000000000000e+00,0.000000000000000000e+00,0.000000000000000000e+00,0.000000000000000000e+00,0.000000000000000000e+00,0.000000000000000000e+00,1.000000000000000000e+00,0.000000000000000000e+00
9.415435808042533772e-01,3.283047833241586888e-01,5.905836459387339005e-02,4.346351570200276265e-02,4.643026499574874275e-03,-1.454228343526059973e-02,-9.088543021037093217e-03,-2.435322408364700309e-03,3.315088069341948305e-03,1.459159390798585353e-03,0.000000000000000000e+00,0.000000000000000000e+00
-1.446709729464822902e-01,3.585005231165524497e-01,-3.367884252252264510e-01,8.320962474142972187e-01,1.804586894382436413e-01,-2.655314565943387925e-02,-9.323123667236316026e-02,-1.932558201197017832e-03,5.231225564976758891e-02,-5.856422391294083957e-03,0.000000000000000000e+00,0.000000000000000000e+00
-7.659578597698004157e-03,5.227226945340560788e-02,-2.809979049038484056e-01,-1.035756448836489263e-01,-3.440215422124683342e-01,-6.849327775376852223e-01,-1.419874798849932451e-01,-5.448300992281064348e-01,3.010076123845741372e-02,4.616422186710204129e-02,0.000000000000000000e+00,0.000000000000000000e+00
-1.812174431500791424e-03,5.400050542719681684e-03,-1.153918322998138783e-02,-2.040843269301941265e-01,8.836828802867071619e-01,-4.136931569196691805e-01,7.686485807341160437e-02,-1.174269835359733824e-02,8.665848657990507867e-03,5.033381726462311280e-03,0.000000000000000000e+00,0.000000000000000000e+00
-9.415364537530308961e-04,8.263228508379362328e-04,1.326939230842353766e-03,5.284585736430810060e-02,1.357767075733790074e-02,-1.373744002683658164e-02,-2.185972419841494818e-02,-5.088934766373254606e-03,-8.806655034492647527e-01,4.698461887948461868e-01,0.000000000000000000e+00,0.000000000000000000e+00
0.000000000000000000e+00,0.000000000000000000e+00,0.000000000000000000e+00,0.000000000000000000e+00,0.000000000000000000e+00,0.000000000000000000e+00,0.000000000000000000e+00,0.000000000000000000e+00,0.000000000000000000e+00,0.000000000000000000e+00,0.000000000000000000e+00,1.000000000000000000e+00
-2.105564144048369113e-01,4.270163151006719504e-01,8.317295829015564079e-01,1.133488426042180697e-01,-6.947314764794730590e-02,-2.340077383185416027e-01,-8.011722764687254084e-02,-4.529265730778161275e-02,2.106937357274110342e-02,1.416864446118384566e-02,0.000000000000000000e+00,0.000000000000000000e+00
