-2.188211504676606523e-01,7.591419301975108613e-01,-3.103728900437097149e-01,-4.679144757048747105e-01,-2.934585978290222066e-02,2.097514998655879426e-01,1.116883491102834275e-01,3.649656844975902176e-02,-4.105162164930203916e-02,-1.404111170333555147e-02,0.000000000000000000e+00,0.000000000000000000e+00
4.174624522056609791e-03,-2.472175015992355077e-02,1.228603933513955221e-01,3.954763623526013488e-02,2.034448325829970039e-01,4.609365160899106528e-01,1.461178408624628500e-01,-8.411360771174775097e-01,3.449664048955281199e-04,3.707209941103032464e-05,0.000000000000000000e+00,0.000000000000000000e+00
1.472910207336103599e-03,-4.677079422306297356e-03,1.385497029317397759e-02,1.412799251105869291e-01,-1.355264336648204504e-01,-1.883154271922126699e-01,9.611786104192228120e-01,3.979803255658870276e-02,-2.040771271195927078e-02,-1.136593247846243160e-02,0.000000000000000000e+00,0.000000000000000000e+00
1.459356285424333452e-03,-3.012462893421911144e-03,6.175674897946936345e-03,2.496716159801027138e-02,-5.225064567035156426e-03,-5.023729705846829985e-02,-3.332041755373724157e-02,-3.263988263615218849e-02,-4.657545341374306758e-01,-8.818578749879925072e-01,0.000000000000000000e+00,0.000000000000000000e+00
0.000000000000000000e+00,0.000000000000000000e+00,0.000000000000000000e+00,0.000000000000000000e+00,0.000000000000000000e+00,0.000000000000000000e+00,0.000000000000000000e+00,0.000000000000000000e+00,0.000000000000000000e+00,0.000000000000000000e+00,1.000000000000000000e+00,0.000000000000000000e+00
9.416810938617217186e-01,3.280016987817708785e-01,5.845762348622285387e-02,4.374174670390600789e-02,5.101101873291153180e-03,-1.399582703145968443e-02,-8.955770632131350786e-03,-2.361564456936440532e-03,3.306701446461062996e-03,1.532125296963683311e-03,0.000000000000000000e+00,0.000000000000000000e+00
-1.452041736748288236e-01,3.597625543910433210e-01,-3.378794975524376243e-01,8.300467384576633023e-01,1.871511956631025375e-01,-1.703616417630099064e-02,-9.099523331921428870e-02,-1.476076088849492211e-03,5.222611629527702110e-02,-4.563997836278104250e-03,0.000000000000000000e+00,0.000000000000000000e+00
-7.678256077369858407e-03,5.227344754124155224e-02,-2.819020210360546064e-01,-9.318018192168188440e-02,-3.460069496687820934e-01,-6.924510615572189165e-01,-1.430981126400496517e-01,-5.351222585733194093e-01,2.936437002686903552e-02,4.639812214877053753e-02,0.000000000000000000e+00,0.000000000000000000e+00
-1.819856351295893321e-03,5.431796223899569911e-03,-1.174478788510326457e-02,-2.073871492852060183e-01,8.830467428365531557e-01,-4.137614408330379523e-01,7.486479971801431044e-02,-1.178246360092820647e-02,8.832721839839801845e-03,5.305880383035115576e-03,0.000000000000000000e+00,0.000000000000000000e+00
-9.401380356531623649e-04,8.259558376449742867e-04,1.317516940196535122e-03,5.227337480191255464e-02,1.416629659269338752e-02,-1.248026872626776390e-02,-2.111848144849003475e-02,-4.800891284846437942e-03,-8.813940689382532279e-01,4.685970632978596617e-01,0.000000000000000000e+00,0.000000000000000000e+00
0.000000000000000000e+00,0.000000000000000000e+00,0.000000000000000000e+00,0.000000000000000000e+00,0.000000000000000000e+00,0.000000000000000000e+00,0.000000000000000000e+00,0.000000000000000000e+00,0.000000000000000000e+00,0.000000000000000000e+00,0.000000000000000000e+00,1.000000000000000000e+00
-2.102020254198534721e-01,4.281173962870631899e-01,8.313576966274355273e-01,1.165900568780421365e-01,-6.789455498271085299e-02,-2.328657908777893859e-01,-7.945175423010837623e-02,-4.453529516445233621e-02,2.089485800344492716e-02,1.459542350280978312e-02,0.000000000000000000e+00,0.000000000000000000e+00
