-2.196539911107166787e-01,7.595103588020343244e-01,-3.102617294964920003e-01,-4.661521343184342192e-01,-2.856087535087842993e-02,2.112885097972618531e-01,1.124026347242540885e-01,3.700658628120296473e-02,-4.106902162815305457e-02,-1.367200460640857068e-02,0.000000000000000000e+00,0.000000000000000000e+00
4.217435909010373331e-03,-2.497391023845584035e-02,1.241424267104639656e-01,4.226142543142338143e-02,2.043450220752943414e-01,4.651771465795576654e-01,1.483986899754799194e-01,-8.378497545846962380e-01,2.878065653414231865e-04,1.258139368126818007e-04,0.000000000000000000e+00,0.000000000000000000e+00
1.480309266000811837e-03,-4.697310211865951546e-03,1.389883215226427569e-02,1.413058335216532957e-01,-1.364623602564519755e-01,-1.906358168381094009e-01,9.605619116046375527e-01,4.033511833206298441e-02,-2.048270530906448617e-02,-1.120662292258180724e-02,0.000000000000000000e+00,0.000000000000000000e+00
1.466744075973370250e-03,-3.019375306289614688e-03,6.141937864176398934e-03,2.421754440132548730e-02,-5.379109279346834700e-03,-5.010627341188242379e-02,-3.321519963642487194e-02,-3.307770603913055135e-02,-4.662228946205969615e-01,-8.816256428513431498e-01,0.000000000000000000e+00,0.000000000000000000e+00
0.000000000000000000e+00,0.000000000000000000e+00,0.000000000000000000e+00,0.000000000000000000e+00,0.000000000000000000e+00,0.000000000000000000e+00,0.000000000000000000e+00,0.000000000000000000e+00,0.000000000000000000e+00,0.000000000000000000e+00,1.000000000000000000e+00,0.000000000000000000e+00
9.413474491951194789e-01,3.288843950603726474e-01,5.889133418384597668e-02,4.363727122754765958e-02,4.994693555706543851e-03,-1.421266326083960550e-02,-9.035629891765985591e-03,-2.409583181577722773e-03,3.312599343222492367e-03,1.505032801817734718e-03,0.000000000000000000e+00,0.000000000000000000e+00
-1.452643189476680585e-01,3.591882679614319951e-01,-3.371360774912109948e-01,8.307963946495352525e-01,1.854285196719330508e-01,-2.021374909339633541e-02,-9.189826832689762526e-02,-1.742542590966251114e-03,5.226912434253168371e-02,-5.095154057896787367e-03,0.000000000000000000e+00,0.000000000000000000e+00
-7.687214662795967789e-03,5.225463460230549834e-02,-2.814173414358805969e-01,-9.687544329390686271e-02,-3.431753627301159515e-01,-6.896406169624327287e-01,-1.431755486057771087e-01,-5.401102598077027750e-01,2.972897285912887502e-02,4.641266933103811720e-02,0.000000000000000000e+00,0.000000000000000000e+00
-1.817458569127885538e-03,5.406821320332546102e-03,-1.163516545014288937e-02,-2.069449848751747367e-01,8.841972429109389298e-01,-4.114401414061119033e-01,7.534008823846424785e-02,-1.176894315921313619e-02,8.758060967797501664e-03,5.173432628021753035e-03,0.000000000000000000e+00,0.000000000000000000e+00
-9.416483268068655396e-04,8.238242001840321302e-04,1.326678613702707331e-03,5.250458347539363468e-02,1.403175646807931776e-02,-1.291435043344085591e-02,-2.141557972170296184e-02,-4.957567333672127652e-03,-8.811282009863068421e-01,4.690481441294709342e-01,0.000000000000000000e+00,0.000000000000000000e+00
0.000000000000000000e+00,0.000000000000000000e+00,0.000000000000000000e+00,0.000000000000000000e+00,0.000000000000000000e+00,0.000000000000000000e+00,0.000000000000000000e+00,0.000000000000000000e+00,0.000000000000000000e+00,0.000000000000000000e+00,0.000000000000000000e+00,1.000000000000000000e+00
-2.107841767728255988e-01,4.272558026913804707e-01,8.316451376423781294e-01,1.151853340475199466e-01,-6.779978430324262728e-02,-2.333456410775497647e-01,-8.000070630925368298e-02,-4.501359921419576665e-02,2.096347390622717993e-02,1.443642687871612984e-02,0.000000000000000000e+00,0.000000000000000000e+00
