-2.194815529146018629e-01,7.601551605595762151e-01,-3.097690001123542536e-01,-4.641930864259293799e-01,-2.444512783955365628e-02,2.141501252576564762e-01,1.131550015763237438e-01,3.787971558027713320e-02,-4.102898915850688305e-02,-1.340817959648936235e-02,0.000000000000000000e+00,0.000000000000000000e+00
4.226465070626291703e-03,-2.513605946961359333e-02,1.249128275564065638e-01,4.556431480845894028e-02,2.091717129558321175e-01,4.658031180496114421e-01,1.495275143864590872e-01,-8.358151612968243160e-01,3.803240819624950858e-04,1.946560878456359044e-04,0.000000000000000000e+00,0.000000000000000000e+00
1.473839431636463993e-03,-4.685188477775180382e-03,1.379625301296331062e-02,1.417944822100853930e-01,-1.391012873747684842e-01,-1.897361705825738043e-01,9.602547327792608778e-01,4.116562290136701469e-02,-2.057349879944911364e-02,-1.112893797712286199e-02,0.000000000000000000e+00,0.000000000000000000e+00
1.498694057994394944e-03,-3.084224952083023958e-03,6.116113050019705670e-03,2.308042631096860614e-02,-6.285074674721488619e-03,-5.050051453215297081e-02,-3.317184551666730458e-02,-3.379661613095041178e-02,-4.670265750167109653e-01,-8.811764409325893999e-01,0.000000000000000000e+00,0.000000000000000000e+00
0.000000000000000000e+00,0.000000000000000000e+00,0.000000000000000000e+00,0.000000000000000000e+00,0.000000000000000000e+00,0.000000000000000000e+00,0.000000000000000000e+00,0.000000000000000000e+00,0.000000000000000000e+00,0.000000000000000000e+00,1.000000000000000000e+00,0.000000000000000000e+00
9.415112935582345965e-01,3.283928368251987640e-01,5.907607284250383783e-02,4.346660528743736401e-02,4.631414906861590526e-03,-1.453844323280418897e-02,-9.116877455803003641e-03,-2.488969688179245524e-03,3.312115060256470411e-03,1.483846350905328052e-03,0.000000000000000000e+00,0.000000000000000000e+00
-1.446758542997501062e-01,3.585906211806984545e-01,-3.375423845599935802e-01,8.314668284832981149e-01,1.814925156046342525e-01,-2.670934193717401650e-02,-9.377037887051968557e-02,-2.852211339993920500e-03,5.216960216234962922e-02,-5.840096002184307772e-03,0.000000000000000000e+00,0.000000000000000000e+00
-7.657973487166872158e-03,5.226540387377014846e-02,-2.811215826614074098e-01,-1.032968400018898919e-01,-3.485116149156757825e-01,-6.840944962911056360e-01,-1.416251859403800106e-01,-5.430349136978503966e-01,3.016364136986014050e-02,4.701084951859015731e-02,0.000000000000000000e+00,0.000000000000000000e+00
-1.819098490994944034e-03,5.434630017138820934e-03,-1.166043204971815156e-02,-2.051524999129633042e-01,8.813114389199985244e-01,-4.182946876285794646e-01,7.626665786553692150e-02,-1.200950973957763158e-02,8.691700005271040669e-03,5.192941022629745697e-03,0.000000000000000000e+00,0.000000000000000000e+00
-9.450156751863842373e-04,8.437568441647856849e-04,1.275045015920799225e-03,5.267759599439503920e-02,1.366142701529177508e-02,-1.333953959521426078e-02,-2.165109180756385684e-02,-5.147856125835363096e-03,-8.806920638802283596e-01,4.698334605737930492e-01,0.000000000000000000e+00,0.000000000000000000e+00
0.000000000000000000e+00,0.000000000000000000e+00,0.000000000000000000e+00,0.000000000000000000e+00,0.000000000000000000e+00,0.000000000000000000e+00,0.000000000000000000e+00,0.000000000000000000e+00,0.000000000000000000e+00,0.000000000000000000e+00,0.000000000000000000e+00,1.000000000000000000e+00
-2.106373689299044227e-01,4.269775620643002645e-01,8.316371980827003130e-01,1.142416006913928722e-01,-7.030749601602466481e-02,-2.335779067527644914e-01,-8.018028012278055616e-02,-4.549007805900888435e-02,2.104393001071156594e-02,1.440950064415875455e-02,0.000000000000000000e+00,0.000000000000000000e+00
