-2.188836777060325367e-01,7.599497393860646932e-01,-3.100327669858516377e-01,-4.652897512858444329e-01,-2.599521428252439884e-02,2.128714137747987345e-01,1.126307198253919534e-01,3.749673104514564953e-02,-4.109614279860517722e-02,-1.344965337595384336e-02,0.000000000000000000e+00,0.000000000000000000e+00
4.203237133268237884e-03,-2.501404862094813025e-02,1.243075598797922093e-01,4.372627135071855548e-02,2.070425209458191806e-01,4.642713496035109633e-01,1.490508116243128012e-01,-8.374732508842906986e-01,4.213728828826252340e-04,1.201238892801952194e-04,0.000000000000000000e+00,0.000000000000000000e+00
1.478037800152030758e-03,-4.710217570465404131e-03,1.387804849733316644e-02,1.409422873322271896e-01,-1.380388521986968542e-01,-1.902776505329085710e-01,9.604381137187357753e-01,4.087985056629361152e-02,-2.052172371142890403e-02,-1.114980033377848019e-02,0.000000000000000000e+00,0.000000000000000000e+00
1.474799896205925389e-03,-3.041208215006223434e-03,6.113479463623442377e-03,2.363698199182002330e-02,-5.887363498590502710e-03,-5.017292858065119238e-02,-3.314863179600478077e-02,-3.329108891806504406e-02,-4.667830567802765396e-01,-8.813324912706128611e-01,0.000000000000000000e+00,0.000000000000000000e+00
0.000000000000000000e+00,0.000000000000000000e+00,0.000000000000000000e+00,0.000000000000000000e+00,0.000000000000000000e+00,0.000000000000000000e+00,0.000000000000000000e+00,0.000000000000000000e+00,0.000000000000000000e+00,0.000000000000000000e+00,1.000000000000000000e+00,0.000000000000000000e+00
9.417513922649560776e-01,3.277500981316241457e-01,5.880800836032697154e-02,4.353719146754033570e-02,4.779226540786610071e-03,-1.436732233568104034e-02,-9.047747181918874143e-03,-2.452360069794215763e-03,3.313435657035394399e-03,1.484534027617936611e-03,0.000000000000000000e+00,0.000000000000000000e+00
-1.446044035300115549e-01,3.589178309687195978e-01,-3.377819893747922020e-01,8.311232890643676097e-01,1.831206939743403594e-01,-2.390087028618543066e-02,-9.235520561019752717e-02,-2.578822729701068812e-03,5.228712430545065515e-02,-5.517722454754642875e-03,0.000000000000000000e+00,0.000000000000000000e+00
-7.646057958333556115e-03,5.225496426350912521e-02,-2.812736029948970651e-01,-1.005575165479777461e-01,-3.472797736514280920e-01,-6.868216632969130764e-01,-1.427043063824467162e-01,-5.405855837743305248e-01,2.997091400581258086e-02,4.649210835292003074e-02,0.000000000000000000e+00,0.000000000000000000e+00
-1.813059586762836347e-03,5.418649252080501647e-03,-1.164127676277660825e-02,-2.058889572991428329e-01,8.821578581142278663e-01,-4.162897999747856570e-01,7.547926507199137491e-02,-1.189973104918956755e-02,8.749685164468161414e-03,5.157979425987422456e-03,0.000000000000000000e+00,0.000000000000000000e+00
-9.414841037488497081e-04,8.337617914568538598e-04,1.300927986379966320e-03,5.270054775077310377e-02,1.382563748819854235e-02,-1.323763932996985596e-02,-2.152946467776671244e-02,-5.213048492337686753e-03,-8.808184913671440741e-01,4.695967275193989043e-01,0.000000000000000000e+00,0.000000000000000000e+00
0.000000000000000000e+00,0.000000000000000000e+00,0.000000000000000000e+00,0.000000000000000000e+00,0.000000000000000000e+00,0.000000000000000000e+00,0.000000000000000000e+00,0.000000000000000000e+00,0.000000000000000000e+00,0.000000000000000000e+00,0.000000000000000000e+00,1.000000000000000000e+00
-2.102359499897011597e-01,4.275704403492724959e-01,8.314987873817119013e-01,1.150182246197888614e-01,-6.939273700835592307e-02,-2.333256666048980077e-01,-8.013408971600881336e-02,-4.515388328493220860e-02,2.103370190059818817e-02,1.435122598999532921e-02,0.000000000000000000e+00,0.000000000000000000e+00
