-2.187889726928406720e-01,7.601341683682529826e-01,-3.101844580438662402e-01,4.647941184670081882e-01,2.485186121795796010e-02,2.132532838015974708e-01,1.126826902005867992e-01,3.769144051345482693e-02,-4.114965103093492366e-02,-1.317405543764404649e-02,0.000000000000000000e+00,0.000000000000000000e+00
4.212182377832682754e-03,-2.509183073538781214e-02,1.246954309795694077e-01,-4.459635019322292365e-02,-2.080159316292301552e-01,4.653135489064025854e-01,1.498552088449241759e-01,-8.364034668027116037e-01,4.347662887075346089e-04,1.185980765773610618e-04,0.000000000000000000e+00,0.000000000000000000e+00
1.481164108816352505e-03,-4.723760262461825302e-03,1.391049812807586446e-02,-1.405022718557600026e-01,1.388121024388921099e-01,-1.906960636338354553e-01,9.602970194492514988e-01,4.114270571298991874e-02,-2.057144769861964095e-02,-1.100187080467239162e-02,0.000000000000000000e+00,0.000000000000000000e+00
1.465422396926754347e-03,-3.020157096366036555e-03,6.081750911224439136e-03,-2.339209564081311254e-02,5.972796195867892920e-03,-4.985848993134404938e-02,-3.296836741532749998e-02,-3.324566175836959209e-02,-4.670258554286360608e-01,-8.812364456423901204e-01,0.000000000000000000e+00,0.000000000000000000e+00
0.000000000000000000e+00,0.000000000000000000e+00,0.000000000000000000e+00,0.000000000000000000e+00,0.000000000000000000e+00,0.000000000000000000e+00,0.000000000000000000e+00,0.000000000000000000e+00,0.000000000000000000e+00,0.000000000000000000e+00,1.000000000000000000e+00,0.000000000000000000e+00
9.418318906331089035e-01,3.275313433260773066e-01,5.875179239993609526e-02,-4.351962820111222180e-02,-4.688841255487364787e-03,-1.439252210174179689e-02,-9.046990183940447489e-03,-2.463048093860586204e-03,3.316620411625544572e-03,1.460562729478720586e-03,0.000000000000000000e+00,0.000000000000000000e+00
-1.444525555347176415e-01,3.586678696104133035e-01,-3.376136316768793000e-01,-8.316322587530203814e-01,-1.815494161229145031e-01,-2.496934218375534975e-02,-9.234111416200395384e-02,-2.735894915299513265e-03,5.238867172692201341e-02,-5.748257238092126416e-03,0.000000000000000000e+00,0.000000000000000000e+00
-7.637885112098139438e-03,5.223325131269199867e-02,-2.810158009882867680e-01,1.018743619204927620e-01,3.474329476679237083e-01,-6.854105208312950559e-01,-1.426828057409295358e-01,-5.421940677215969506e-01,3.011777993728031663e-02,4.613001365840928986e-02,0.000000000000000000e+00,0.000000000000000000e+00
-1.812091047514397847e-03,5.415942566336343252e-03,-1.162710427204139384e-02,2.046175373029861799e-01,-8.820732504148287578e-01,-4.170790410921796365e-01,7.557318316664292379e-02,-1.192770563797025153e-02,8.738193352752846033e-03,5.077396174678105827e-03,0.000000000000000000e+00,0.000000000000000000e+00
-9.403937081121284836e-04,8.271768615047951244e-04,1.320527365321241733e-03,-5.291710166027737555e-02,-1.369044478422041557e-02,-1.354059379296340161e-02,-2.171670742687121028e-02,-5.421382095933114514e-03,-8.806740709790727983e-01,4.698274853376105953e-01,0.000000000000000000e+00,0.000000000000000000e+00
0.000000000000000000e+00,0.000000000000000000e+00,0.000000000000000000e+00,0.000000000000000000e+00,0.000000000000000000e+00,0.000000000000000000e+00,0.000000000000000000e+00,0.000000000000000000e+00,0.000000000000000000e+00,0.000000000000000000e+00,0.000000000000000000e+00,1.000000000000000000e+00
-2.100784265944156681e-01,4.276181241476475492e-01,8.315435109920071843e-01,-1.146141386506797644e-01,6.981981722004552970e-02,-2.332359565802124557e-01,-8.024160424916071399e-02,-4.528774037507810740e-02,2.107971101558247032e-02,1.417448809382645947e-02,0.000000000000000000e+00,0.000000000000000000e+00
