-2.189169187021753338e-01,7.597834997728062367e-01,-3.093188991756917194e-01,-4.684404686626194025e-01,-2.857771268602512724e-02,2.081302062185153012e-01,1.105325566436802937e-01,3.832352960018295396e-02,-4.126699385282232152e-02,-1.287594373383692259e-02,0.000000000000000000e+00,0.000000000000000000e+00
4.128838008950965963e-03,-2.448765728485438956e-02,1.212651253406163004e-01,3.628403055910013608e-02,2.015151692492132551e-01,4.602291230467073779e-01,1.475794150957664974e-01,-8.421170511403789360e-01,1.226405560566502144e-03,1.450863505520213841e-04,0.000000000000000000e+00,0.000000000000000000e+00
1.483439464762074987e-03,-4.733428587134959169e-03,1.392896638871512181e-02,1.406068556624497645e-01,-1.366150598447785358e-01,-1.859173227571366549e-01,9.614822589095481931e-01,4.237716326901717206e-02,-2.058844399678187720e-02,-1.069216670714358969e-02,0.000000000000000000e+00,0.000000000000000000e+00
1.405381758420133371e-03,-2.902458662722443017e-03,6.025035601805723076e-03,2.453583562855127242e-02,-5.047458466588768816e-03,-4.845445280803390570e-02,-3.215247653723153631e-02,-3.213849994670300858e-02,-4.663051095284803105e-01,-8.817430812993453104e-01,0.000000000000000000e+00,0.000000000000000000e+00
0.000000000000000000e+00,0.000000000000000000e+00,0.000000000000000000e+00,0.000000000000000000e+00,0.000000000000000000e+00,0.000000000000000000e+00,0.000000000000000000e+00,0.000000000000000000e+00,0.000000000000000000e+00,0.000000000000000000e+00,1.000000000000000000e+00,0.000000000000000000e+00
9.416849816058497913e-01,3.279152466447889380e-01,5.889405014139746652e-02,4.376123236537341615e-02,4.982470127521333031e-03,-1.393743051026088454e-02,-8.879873194505890494e-03,-2.527858868754936494e-03,3.323685717100113932e-03,1.437272669557809008e-03,0.000000000000000000e+00,0.000000000000000000e+00
-1.447512255164693507e-01,3.593037524166304841e-01,-3.387555725231208292e-01,8.304398778750575749e-01,1.857074347019868621e-01,-1.440713739354677544e-02,-8.973106656925923519e-02,-3.241862459066346871e-03,5.269132515726462213e-02,-5.366646256839592219e-03,0.000000000000000000e+00,0.000000000000000000e+00
-7.678711405816999319e-03,5.249492288650018518e-02,-2.824455992854494335e-01,-9.272228410397852227e-02,-3.464906088955997387e-01,-6.941321211620657960e-01,-1.409066744203566757e-01,-5.331414014291760983e-01,2.957892345391155073e-02,4.436080171243172304e-02,0.000000000000000000e+00,0.000000000000000000e+00
-1.811543404181046148e-03,5.412483369288523423e-03,-1.159669630413291685e-02,-2.044609026458977519e-01,8.834712630100768349e-01,-4.140418399386101567e-01,7.634394158782201179e-02,-1.212176136250356362e-02,8.773841343717940500e-03,4.924090406567926785e-03,0.000000000000000000e+00,0.000000000000000000e+00
-9.321170106318949888e-04,7.911669591824106295e-04,1.395342929352574434e-03,5.324036049869035336e-02,1.415170692109438480e-02,-1.302497821380385785e-02,-2.168204526871740298e-02,-6.266613446746139085e-03,-8.810492124074787990e-01,4.690788901278594714e-01,0.000000000000000000e+00,0.000000000000000000e+00
0.000000000000000000e+00,0.000000000000000000e+00,0.000000000000000000e+00,0.000000000000000000e+00,0.000000000000000000e+00,0.000000000000000000e+00,0.000000000000000000e+00,0.000000000000000000e+00,0.000000000000000000e+00,0.000000000000000000e+00,0.000000000000000000e+00,1.000000000000000000e+00
-2.103984902538476032e-01,4.274170389305780859e-01,8.314147441980443975e-01,1.187141376025530881e-01,-6.779555847047079309e-02,-2.326722419579016488e-01,-7.897618856659986697e-02,-4.581059821605842214e-02,2.107514239916042850e-02,1.382049100061327057e-02,0.000000000000000000e+00,0.000000000000000000e+00
