-2.190118037425654862e-01,7.597427228562838586e-01,-3.099036847281519402e-01,-4.661915522539397116e-01,-2.582475581577033802e-02,-2.121139014816505741e-01,1.121073846310841754e-01,3.674770484240078711e-02,-4.104745144110092531e-02,-1.368903586074484216e-02,0.000000000000000000e+00,0.000000000000000000e+00
4.195621685310801235e-03,-2.498667931584142021e-02,1.241104759836092891e-01,4.343616721177577522e-02,2.065470517916844495e-01,-4.634312793170010658e-01,1.468577637933314028e-01,-8.384929954966154897e-01,9.093312285419222424e-05,-4.403622341059661898e-05,0.000000000000000000e+00,0.000000000000000000e+00
1.462408130975534999e-03,-4.652533061527133577e-03,1.373478049522072232e-02,1.411629520189427167e-01,-1.378820924231332068e-01,1.878027204493762647e-01,9.609537805349924744e-01,4.003366659152221563e-02,-2.050544866838127991e-02,-1.113205511564374119e-02,0.000000000000000000e+00,0.000000000000000000e+00
1.462403175899439252e-03,-3.024039078624219182e-03,6.136537792615660673e-03,2.414559570227422028e-02,-5.749606295125860370e-03,5.028191354839049027e-02,-3.310122563569296850e-02,-3.275212455457206934e-02,-4.662673018440846584e-01,-8.816082640854053798e-01,0.000000000000000000e+00,0.000000000000000000e+00
0.000000000000000000e+00,0.000000000000000000e+00,0.000000000000000000e+00,0.000000000000000000e+00,0.000000000000000000e+00,0.000000000000000000e+00,0.000000000000000000e+00,0.000000000000000000e+00,0.000000000000000000e+00,0.000000000000000000e+00,1.000000000000000000e+00,0.000000000000000000e+00
9.416083142213652613e-01,3.281033179443856307e-01,5.913118529572661958e-02,4.355468472591200735e-02,4.722482691514064829e-03,1.434378831751774441e-02,-9.025246775614753636e-03,-2.402012103786153527e-03,3.308701709214432237e-03,1.506437006673918807e-03,0.000000000000000000e+00,0.000000000000000000e+00
-1.447870389761807541e-01,3.593599407728532702e-01,-3.374496138516423493e-01,8.312238203865479624e-01,1.826359825823612726e-01,2.174322067310821560e-02,-9.224892490053150651e-02,-1.501029654392537415e-03,5.220251070116026237e-02,-5.096636902543483401e-03,0.000000000000000000e+00,0.000000000000000000e+00
-7.652861440198237622e-03,5.233842380587105242e-02,-2.817371871679155704e-01,-9.839005838191214326e-02,-3.470650317091910630e-01,6.883279378193213338e-01,-1.419431789502586527e-01,-5.391850080113606003e-01,2.966429242757045309e-02,4.634524253645704722e-02,0.000000000000000000e+00,0.000000000000000000e+00
-1.817286690979095978e-03,5.444232354977499022e-03,-1.171522754352823624e-02,-2.042930942765780744e-01,8.824799941288472560e-01,4.162573698273527301e-01,7.621845022570741812e-02,-1.181948685904471094e-02,8.755449320559063886e-03,5.233983873692186518e-03,0.000000000000000000e+00,0.000000000000000000e+00
-9.386501136040755486e-04,8.279970689314127908e-04,1.314898653200936157e-03,5.247129986985468730e-02,1.374246649453931580e-02,1.306843378936309655e-02,-2.146970939073005596e-02,-4.834756946185635000e-03,-8.811108814338260986e-01,4.690875388071099605e-01,0.000000000000000000e+00,0.000000000000000000e+00
0.000000000000000000e+00,0.000000000000000000e+00,0.000000000000000000e+00,0.000000000000000000e+00,0.000000000000000000e+00,0.000000000000000000e+00,0.000000000000000000e+00,0.000000000000000000e+00,0.000000000000000000e+00,0.000000000000000000e+00,0.000000000000000000e+00,1.000000000000000000e+00
-2.106174146884439158e-01,4.272878185924587346e-01,8.315325835711130376e-01,1.151919604980487649e-01,-6.953223975097340415e-02,2.335083846934338236e-01,-7.954549773821298353e-02,-4.485683679895597492e-02,2.098487830964868364e-02,1.445386405077391835e-02,0.000000000000000000e+00,0.000000000000000000e+00
