-2.185265984778990145e-01,7.594151982872856532e-01,-3.104006223022287569e-01,-4.672504547583544721e-01,-2.818603809911929270e-02,2.104965558890513622e-01,1.118865722414392611e-01,3.689901483178947839e-02,-4.109041356544999163e-02,-1.383225777330669183e-02,0.000000000000000000e+00,0.000000000000000000e+00
4.176193536669156950e-03,-2.479911990415693823e-02,1.232755254010978047e-01,4.046355116007586267e-02,2.046034662322438746e-01,4.619581636151204873e-01,1.471157890508519028e-01,-8.400132050314292886e-01,4.811063353191738197e-04,1.188304848995913447e-04,0.000000000000000000e+00,0.000000000000000000e+00
1.474127513472012945e-03,-4.691857107717083315e-03,1.388044841485761884e-02,1.409906784235386845e-01,-1.363439112858324531e-01,-1.889293975129847369e-01,9.609698344349877352e-01,4.015098015539560888e-02,-2.045212773287369279e-02,-1.128637917355147270e-02,0.000000000000000000e+00,0.000000000000000000e+00
1.458665179196746466e-03,-3.012927440638235414e-03,6.154752108422104073e-03,2.460516321122955749e-02,-5.413313366518935320e-03,-5.013033470659016694e-02,-3.323920132108802022e-02,-3.291563253303460279e-02,-4.660815318617413383e-01,-8.816931821231601685e-01,0.000000000000000000e+00,0.000000000000000000e+00
0.000000000000000000e+00,0.000000000000000000e+00,0.000000000000000000e+00,0.000000000000000000e+00,0.000000000000000000e+00,0.000000000000000000e+00,0.000000000000000000e+00,0.000000000000000000e+00,0.000000000000000000e+00,0.000000000000000000e+00,1.000000000000000000e+00,0.000000000000000000e+00
9.418523515059602502e-01,3.275179694979862832e-01,5.844460054011401534e-02,4.368094244300705503e-02,4.997665051388045822e-03,-1.407005272067014291e-02,-8.967547782517810290e-03,-2.394316024692773499e-03,3.308732598669568772e-03,1.513651284373937565e-03,0.000000000000000000e+00,0.000000000000000000e+00
-1.448714538251003603e-01,3.595086254513402690e-01,-3.379966161224981502e-01,8.304245482059310346e-01,1.856956678999776289e-01,-1.889583293745827550e-02,-9.120498633245205378e-02,-2.039868071217364708e-03,5.228083953799560202e-02,-4.841173797471721302e-03,0.000000000000000000e+00,0.000000000000000000e+00
-7.651809530785528245e-03,5.222831860634130630e-02,-2.815487950682527551e-01,-9.536660270044691745e-02,-3.466380318523244464e-01,-6.906927648473260017e-01,-1.430454681081884671e-01,-5.367928882311148175e-01,2.961169735209702100e-02,4.636006547323414523e-02,0.000000000000000000e+00,0.000000000000000000e+00
-1.816391617378994381e-03,5.430308809163639748e-03,-1.172953763949110412e-02,-2.065940424374154705e-01,8.827159411492938590e-01,-4.148494395064537543e-01,7.493470862644001362e-02,-1.185117558718318427e-02,8.818967001679799134e-03,5.254210431181336773e-03,0.000000000000000000e+00,0.000000000000000000e+00
-9.394858394858988677e-04,8.266306688306802571e-04,1.317014690203302963e-03,5.244746144909237517e-02,1.404999799891431395e-02,-1.273427068342831980e-02,-2.125475752585894232e-02,-5.051136094974796598e-03,-8.812055872774005039e-01,4.689198582616201372e-01,0.000000000000000000e+00,0.000000000000000000e+00
0.000000000000000000e+00,0.000000000000000000e+00,0.000000000000000000e+00,0.000000000000000000e+00,0.000000000000000000e+00,0.000000000000000000e+00,0.000000000000000000e+00,0.000000000000000000e+00,0.000000000000000000e+00,0.000000000000000000e+00,0.000000000000000000e+00,1.000000000000000000e+00
-2.099715745934234157e-01,4.282172673455768575e-01,8.313588432571644704e-01,1.162598366040506481e-01,-6.836215834518324930e-02,-2.328191442272626865e-01,-7.964122487567210085e-02,-4.470206929948626617e-02,2.095029441704738746e-02,1.449071402353904400e-02,0.000000000000000000e+00,0.000000000000000000e+00
