-2.188748565749270847e-01,7.602313135280569512e-01,-3.099442067463191175e-01,-4.644124063863914187e-01,-2.341929568600052691e-02,-2.142183856731930403e-01,1.126367733192147336e-01,3.756993298536167453e-02,-4.106613517204049657e-02,-1.322506681987163646e-02,0.000000000000000000e+00,0.000000000000000000e+00
4.215168246466659621e-03,-2.511994653058590918e-02,1.247595306456208142e-01,4.588653515543279771e-02,2.092993302711668724e-01,-4.649697010902602567e-01,1.485188104725324310e-01,-8.364327758756001652e-01,2.186813521298966684e-04,4.343426983075961006e-06,0.000000000000000000e+00,0.000000000000000000e+00
1.467595529328850424e-03,-4.668315583672592167e-03,1.372722990883442837e-02,1.411834868972356716e-01,-1.396491006146347302e-01,1.881489245667893606e-01,9.605890712069909965e-01,4.096379754634799780e-02,-2.058293742715857841e-02,-1.094971764814607618e-02,0.000000000000000000e+00,0.000000000000000000e+00
1.479133314060225622e-03,-3.047808310510078094e-03,6.085316114372238579e-03,2.315608669941759262e-02,-6.267412901280129504e-03,5.019097637552252106e-02,-3.288892042055126252e-02,-3.315878996179989074e-02,-4.671124632962097567e-01,-8.811819523951235356e-01,0.000000000000000000e+00,0.000000000000000000e+00
0.000000000000000000e+00,0.000000000000000000e+00,0.000000000000000000e+00,0.000000000000000000e+00,0.000000000000000000e+00,0.000000000000000000e+00,0.000000000000000000e+00,0.000000000000000000e+00,0.000000000000000000e+00,0.000000000000000000e+00,1.000000000000000000e+00,0.000000000000000000e+00
9.418011945336929314e-01,3.276026363177639289e-01,5.885510842363484568e-02,4.348353751925813221e-02,4.559803112253514069e-03,1.449838780939703524e-02,-9.063403528433863765e-03,-2.455389709258396468e-03,3.311047078133315912e-03,1.465783552389980562e-03,0.000000000000000000e+00,0.000000000000000000e+00
-1.444138956299312881e-01,3.586238812567583700e-01,-3.376081182525312308e-01,8.318203610085902477e-01,1.801247682075093060e-01,2.654591211156405797e-02,-9.332480917563558409e-02,-2.462790433681034952e-03,5.224766022073275284e-02,-5.844923290627574222e-03,0.000000000000000000e+00,0.000000000000000000e+00
-7.645978840833237561e-03,5.230514035794597838e-02,-2.812669876118049639e-01,-1.032710389501946685e-01,-3.491460444591030776e-01,6.845532782614172085e-01,-1.410838123294823887e-01,-5.421774790500677454e-01,3.004444382047866124e-02,4.636598816752648261e-02,0.000000000000000000e+00,0.000000000000000000e+00
-1.816431707212464016e-03,5.435497810175855295e-03,-1.164649363581547574e-02,-2.035063515913574372e-01,8.812190640982625611e-01,4.191860043586771445e-01,7.686527253039363017e-02,-1.194092107459264820e-02,8.691797366880759518e-03,5.131446990551113800e-03,0.000000000000000000e+00,0.000000000000000000e+00
-9.419882780388273615e-04,8.351165120577132934e-04,1.299291846370180916e-03,5.280112446677449889e-02,1.353031056317362778e-02,1.356082190604674526e-02,-2.175518110369462077e-02,-5.182805501924328886e-03,-8.806437462846069542e-01,4.699023791082803658e-01,0.000000000000000000e+00,0.000000000000000000e+00
0.000000000000000000e+00,0.000000000000000000e+00,0.000000000000000000e+00,0.000000000000000000e+00,0.000000000000000000e+00,0.000000000000000000e+00,0.000000000000000000e+00,0.000000000000000000e+00,0.000000000000000000e+00,0.000000000000000000e+00,0.000000000000000000e+00,1.000000000000000000e+00
-2.101527463759627068e-01,4.274173728545803130e-01,8.315362696318148172e-01,1.142931711418229690e-01,-7.074872895563405484e-02,2.335928653964355617e-01,-7.977599892628009504e-02,-4.531239766281133785e-02,2.105728361598363865e-02,1.424338081365226528e-02,0.000000000000000000e+00,0.000000000000000000e+00
