1.546335896204004130e-07,-4.745907351091071120e-06,5.264908987670348720e-03,3.048273697509132005e-02,1.044397138641693507e-01,3.044521766576378102e-02,-8.472553127323183969e-03,-4.859668511890955986e-03,1.995109697038806307e-02,2.812053332407069353e-02,-5.942336799539160025e-02,-2.434507295610084318e-02,8.790468018080965784e-01,-4.507480566553891954e-01,-7.364291301231308540e-02,1.281439224535777226e-03,-4.135759273188166669e-03,-2.021614479444289528e-02,3.324839539938406925e-03,-5.306060345474219141e-03,3.668509471611221349e-03,1.141221685323341142e-04
2.148754930065497615e-01,-6.245247243365226186e-01,9.306256224436063160e-05,2.980031613208621640e-03,-5.658884923074098544e-02,2.018145389020249980e-01,-8.804061230584535325e-02,-1.598846745455658747e-01,-3.816589743810682167e-01,-3.581127417989477674e-02,-1.874760224757834326e-01,5.059461991685754167e-01,1.005276367746202604e-01,1.863963669739320261e-01,-5.522927976683555257e-02,-4.152717952341590350e-03,6.753585276134625899e-03,1.986469674668009042e-02,4.088417463966238265e-03,6.761419262675576018e-03,-3.950192456469602507e-03,5.728788976383886351e-03
-1.441859992032047272e-07,3.063412744921849072e-06,-8.107268619395423259e-02,-1.506078677202656591e-01,1.481201449066229525e-01,4.363590488503871906e-02,3.523786451341627806e-03,-6.994984271397759745e-02,1.226389586522995123e-01,-9.244622856055957349e-01,-2.375595069253203240e-01,-9.658993823027554881e-02,2.173888399509009070e-02,4.623339146838811170e-02,5.357750647297752911e-02,-6.873604222539814873e-03,-4.422545970788494679e-03,-3.150313932680557510e-02,-4.758427351142556841e-04,-4.366770898411261904e-03,-3.427893928321711168e-04,1.065332417620000428e-03
4.818048318189771393e-07,-1.850973130527399944e-05,-1.030087228030184265e-01,5.678720332476841492e-02,-4.376045227874065385e-02,-5.749170909554759956e-02,-3.797238398225001310e-01,-4.028332079658366455e-02,2.212699190609472288e-01,1.386154136983510643e-01,-4.429508922980819885e-01,1.565943443459896778e-02,-8.876982944103919970e-02,-1.007952646401057972e-01,4.760260371326523188e-02,1.359605292968447121e-01,-1.888504003253950458e-02,-3.423175067624881773e-01,-1.318246725190046764e-01,3.373062793797288461e-01,-3.857671657425874034e-01,3.663432037825092302e-01
3.803683812367394018e-06,-1.156930882351432232e-04,-1.589068665265926106e-01,1.244226073610009142e-01,-6.419483106800920325e-02,3.449228935789098310e-02,5.936639205475903180e-01,-1.004443420677855608e-01,-2.786169054280555196e-02,6.844834665199990564e-02,-3.609650605772840581e-01,5.181811226389104047e-02,-1.588922188454338358e-01,-2.976221948702210129e-01,1.164580599734509891e-01,-9.226948424065453680e-02,5.423066756856327331e-01,-1.052614960587371085e-01,-8.702591213616982235e-02,-3.004137642649070197e-02,4.036535584856860981e-02,-4.248461457963594035e-02
6.226348954095308487e-06,-2.056538556541475022e-04,-6.396916570751676190e-01,2.334503426985010954e-01,-1.352437519204123875e-02,-6.810061019278067229e-02,-1.127077827200879678e-01,-9.189040060918705899e-02,2.725941620622967902e-03,-3.901370619232802373e-02,2.206392206830683211e-01,4.754175760059844991e-02,1.009385373506487514e-02,-1.064504350325534351e-02,-6.082047298295674767e-03,-5.849602536968735444e-01,-1.855114805603071126e-02,7.308858283416572003e-03,2.977690602119105745e-01,9.818226330170767846e-02,-3.664088003345946504e-02,1.240146022077743687e-01
-5.623558016935239091e-04,4.772220559568686286e-03,-1.221601013589369289e-01,-4.842094358886834815e-01,-2.739255003661206223e-01,-2.052160630976686828e-01,1.680832451318638177e-02,-4.391695586165646897e-02,-1.216154849676463895e-01,-3.096981145114421560e-02,-2.834930082154680370e-02,-2.119476089299247509e-02,-1.224003402996076822e-01,-2.591669552250354114e-01,-6.579393580451701196e-01,1.672664999760698282e-02,4.760014734948949527e-02,2.673950310505000538e-01,2.848009559739732733e-03,9.446729339730380870e-02,-8.940700427991939148e-02,9.070639908238449511e-02
-9.239921192936374587e-08,3.643769852857111861e-06,2.114143068079103044e-02,-1.211556109814723725e-02,8.301954679609929375e-03,1.109430326689504753e-02,7.518384025435305429e-02,-1.254084468687937867e-02,-1.654353736107248493e-02,-2.559760022337432064e-02,1.056010794150202686e-01,3.708252417336413420e-02,6.065783975057970068e-03,-1.071494484819900984e-02,4.145610298795435883e-02,3.122980899738908404e-03,2.501565957748417071e-02,3.949063200384242411e-02,4.582690967233819107e-02,-7.104034288515923556e-01,-6.288163566429618712e-01,2.714780485416581901e-01
-8.430110917950331189e-04,6.961347103761713305e-03,1.379194521095189387e-03,-8.545162913134249014e-03,7.323186738014110519e-02,-2.826387879782216728e-01,4.084698338724081917e-02,-6.444989526429575344e-01,-3.526793588785881450e-01,1.048161790215448863e-01,-1.181257209542354025e-01,-4.940790773495823407e-01,1.310098013658224925e-01,2.857990631487343780e-01,4.580029956130205609e-02,1.614804752028540721e-02,-1.589532256488983275e-02,-2.979990684582865118e-02,-2.539971426236615690e-02,1.231442079001927306e-03,-2.796685336472737662e-02,1.927059794847025068e-02
-2.875488051008462494e-06,8.815097391491734196e-05,1.551686719556498728e-01,-7.000311585322314956e-02,9.873286273110794611e-03,-3.218444304473260659e-02,-2.569373317323369113e-02,-6.831819625304609289e-01,5.204912550551475947e-01,1.411088910708708372e-02,2.210601623344547462e-01,3.576568054935505003e-01,-8.161453113668738768e-02,-1.831872457949794419e-01,2.702961319896361736e-02,1.163612096926800420e-03,-3.589015090906808730e-02,2.656201716589380590e-02,-1.574516063520998641e-02,-3.090470869698232897e-02,6.453820169752229330e-02,-7.926298375489274073e-02
-9.263838258526702063e-01,-3.736115343568477409e-01,3.824226369961422406e-04,-4.880272902691068547e-04,1.463907321312222674e-03,-5.736646873587364533e-03,2.348675857916593824e-03,6.047938357249089784e-03,1.900161249364721097e-02,1.692388750935412125e-03,1.294925949751529227e-02,-3.550159928025144185e-02,-8.640899813043374442e-03,-1.636915913989926696e-02,3.478872255691291097e-03,4.683681578436389150e-04,-5.831302719915733160e-04,-1.437367798744296340e-03,-3.465896339600161680e-04,-4.779835899713869777e-04,2.638792208661621232e-04,-4.063671138407418809e-04
-5.742557900828073006e-07,1.883633901040224687e-05,-3.587982607006830194e-02,-2.012010986728455242e-01,-6.495674182806442376e-01,-1.807214947946851613e-01,4.546910154092760614e-02,3.156383527407363720e-02,-5.024689215465460296e-02,-8.702997163581299711e-02,1.220947754672291330e-01,3.923852949472088347e-02,1.080242048571110614e-01,1.368010691862390875e-02,1.517837845288651788e-01,-5.243915619740319861e-03,-1.210291718361929808e-01,-6.102658902594294554e-01,3.346188776655686925e-02,-1.577423952264364326e-01,1.311082359812061615e-01,-9.400399243204775324e-02
1.782281837355507437e-01,-3.726990739128694941e-01,-5.010430789253159101e-03,7.592263374947338071e-03,-1.650346613209882352e-01,5.439468048602170702e-01,-1.189264948899397129e-01,-9.428732074402980390e-02,5.341615664720936879e-02,2.368544655021192439e-03,1.923830905428072224e-01,-5.455026168987371360e-01,-1.733570008991650035e-01,-3.354333821393558068e-01,4.565065845972761382e-02,1.147356770809005930e-02,-1.177084996477692838e-02,-2.386602137787705372e-02,-6.875945505339996038e-03,-7.669093760318751625e-03,3.880174781810821500e-03,-6.543648208217128434e-03
-1.526863119676077545e-07,1.859410589025873804e-06,-2.968732510091520727e-01,-6.241563218737334884e-01,5.326357711933766836e-01,1.850037319891629506e-01,6.075206069134123088e-02,1.806158713634952936e-02,-2.507093846234713028e-02,2.224977455439276497e-01,2.304970772429887002e-02,3.920340418754184042e-02,-4.807076663304071101e-02,1.179157005156555513e-02,5.525494152015999333e-02,7.997060208997867469e-04,-7.141859453410727421e-02,-3.483642500321635360e-01,2.078133130637380491e-02,-8.772266902409486811e-02,7.390816127040317207e-02,-5.096551549533473446e-02
4.456046150192383204e-07,-1.744380087363764964e-05,-1.003963772065578908e-01,5.716202128273283056e-02,-4.025939816862546261e-02,-5.465665833352839620e-02,-3.681751459723728304e-01,8.281658918616605428e-03,1.535078284536372795e-01,1.317252404395448107e-01,-4.866271840960858519e-01,-7.684883186048742376e-02,-6.941318710365437794e-02,-3.514519808191764183e-02,-9.962912441745414016e-02,-3.255553903881634736e-02,-1.347584983462173222e-03,6.724051500872428588e-02,2.790445657143126312e-01,-3.946016460554261363e-01,8.077823917825051325e-02,-5.487546527095898963e-01
2.857674166184073246e-06,-8.660581284279655900e-05,-1.147953873312202583e-01,8.980679975585478814e-02,-4.639786906927228366e-02,2.759707526475288844e-02,4.184178641615123317e-01,-3.679929885531030981e-02,-3.142489097951407101e-02,4.214788188550969150e-02,-2.507879273383359364e-01,3.613899164831439054e-02,-1.008102855301670625e-01,-1.914955238397299808e-01,1.065199138052464883e-01,1.226960529954728291e-01,-7.776010922766690703e-01,1.425745643839582688e-01,1.743941142098013319e-01,3.823506905680602169e-02,-1.914608505529625387e-02,4.453408818913119627e-02
4.112650292404061951e-06,-1.341338172671709150e-04,-3.873704120744443369e-01,1.457971820652190220e-01,-1.260781653949512131e-02,-3.308028852237965278e-02,-4.073250001706708173e-02,-4.791669676659666803e-03,-1.195204925554272345e-02,-2.451890619687448550e-02,8.686989913730380763e-02,2.948718677148239736e-02,2.886855906371341932e-03,-4.356509797101655243e-03,-6.211386195203646987e-02,4.393346079004644550e-02,-1.713235362694661423e-01,5.092468977447774797e-02,-8.169559720706563999e-01,-1.101920803714440122e-01,-7.795608225937117330e-02,-3.052783793049161920e-01
5.430293225518970784e-04,-4.503348963219675795e-03,-1.849135182586147952e-01,-4.101600302262878306e-01,-3.058542724757015163e-01,6.296639345568724733e-02,-2.453240652738076372e-02,3.710720093413290288e-02,1.784898716240061745e-01,1.133397493931648792e-01,-1.022996276088437018e-01,-2.203945087254978799e-02,1.891678883056198968e-01,1.887550646477788030e-01,5.364963638214191866e-01,-1.155473192413474653e-02,1.067279751999538479e-01,5.046183229342791066e-01,-4.664826822831361075e-02,9.840906834883965393e-02,-6.903905711300534209e-02,1.942062875120857679e-02
1.697195073984139628e-07,-6.662547696150557949e-06,-3.860742945883687688e-02,2.209482308754980723e-02,-1.526234484885611795e-02,-2.110508842214115985e-02,-1.417958525539422532e-01,-2.532992627611555143e-04,6.297008544926450957e-02,5.031411472394946988e-02,-1.810020901995014475e-01,-2.227361316964190582e-02,-2.902228082139283669e-02,-1.874850509733496512e-02,-2.184073821012304586e-02,-7.291276353149660217e-02,-4.728875560311982668e-02,8.669492708212848953e-02,-2.060489538188067793e-01,-3.844727149072978967e-01,6.203126936535057201e-01,5.879452170180728965e-01
1.309611253264742533e-03,-1.091012415487142319e-02,-8.429949844436475381e-02,6.908186142289508835e-02,-1.316637363536235228e-01,3.386562842973177001e-01,3.044791383998302625e-01,-9.468286662467219339e-03,4.332024451347229466e-01,9.660013969283472168e-02,-9.768065698898979743e-02,-1.040890978177087811e-01,2.200595457685888823e-01,5.395162886054167828e-01,-4.393051227352955390e-01,-6.073656623699486348e-03,-1.500531201444000109e-02,-9.972494147119669028e-02,1.487325158785517479e-02,3.644369547022747145e-03,-2.722898678100980560e-02,4.617239909503204759e-02
4.630247041960565868e-06,-1.517185025270893176e-04,-4.508916503780222573e-01,1.652197579676370487e-01,-7.527974855221517513e-03,-3.993645289094523154e-02,-3.763304333044342753e-02,-5.075591527771110972e-02,-7.580979841459070667e-03,-4.855289266397806724e-02,1.928421340933260952e-01,4.489356727946055420e-02,2.151782198329851500e-02,1.572361376762258789e-02,-3.750851701832796773e-04,7.787852830514420122e-01,1.814693788547474818e-01,3.620227992714417087e-02,2.473952686446771465e-01,-3.952953608126306279e-02,1.178886177213240849e-01,6.335121559705830796e-02
2.527314923846473715e-01,-5.755588865912795171e-01,5.458830716794267623e-03,-1.027524936437422196e-02,1.708376913217686255e-01,-5.794961790725718931e-01,1.659705657577334459e-01,2.223160890715848714e-01,3.524027810614228096e-01,3.451668519531337492e-02,7.146110170127649430e-02,-1.767076945277911426e-01,3.729517733695900811e-03,1.525332233796584946e-02,2.732672783445718248e-02,-2.697100940732974177e-03,3.226880516943714510e-04,-5.401779055839138650e-03,4.788475567413240407e-05,-2.108997559585300014e-03,1.587270676759903543e-03,-1.760749659105098662e-03
