9.885405858394781422e-08,-2.463073744205454003e-06,-3.345273567055155606e-03,-2.580372432979158304e-02,-9.437171031071353577e-02,-6.866757509152253587e-03,1.404412016583662763e-02,4.141219528686763442e-03,3.336817874334700035e-02,2.038390209408062065e-02,5.895200488094600594e-02,5.153958431481961422e-02,9.744950198124346930e-01,-1.308970346210892588e-01,1.038781269898404747e-01,5.433614556836774412e-02,-4.397731542908128385e-03,-4.065788153037168395e-02,1.133132052484371252e-02,-1.262843126097739493e-02,3.764597999976985500e-03,-1.643307330021520412e-03
2.046520620142792957e-01,-5.979439561130250880e-01,-4.634950867757256770e-04,-1.389470331471291892e-03,6.269025858810403987e-03,-1.883182236638587248e-01,6.979176130524952781e-02,1.762277952907129741e-01,-4.914525998526009243e-01,1.000551165254167513e-01,1.824081826129897999e-01,-4.172029023642099266e-01,5.527145472969127726e-02,2.568596875346175201e-01,2.409177079891372877e-02,1.259302458812692690e-02,6.019203931499652466e-03,1.973617900424591218e-02,1.450036068574166561e-03,-6.503223138655807138e-04,7.130532523907810553e-03,-5.531223653775139970e-03
1.364424246994041850e-07,-5.263458683167437056e-06,7.819626031871816652e-02,1.448874472843979799e-01,-1.499572876189356474e-01,1.721135863044317808e-03,-7.279678801365151684e-03,8.694155310664897218e-02,-9.587673993412887397e-02,-8.823254268898361730e-01,3.759352814442445401e-01,9.455040012533408311e-02,-1.117782805649809343e-02,6.213594245170455353e-03,-3.552131134704219345e-02,-4.010580369855629851e-02,1.129340174534700873e-03,-3.613920958857258503e-02,1.779411095989703005e-03,6.158204877548576796e-03,-1.439626343905878875e-02,1.561796258347008214e-02
8.751118011897111611e-07,-2.748083931908953516e-05,1.581829224402372669e-01,-8.296162131000828222e-02,8.935960114617884364e-02,8.223377623336244890e-02,5.825204469529635665e-01,4.932088971263817734e-02,2.344556622909171884e-01,1.356633578304567711e-01,4.251070958066172079e-01,-6.800782593105984819e-02,-5.854024468469253700e-02,-1.234995415202995300e-01,-1.518791202615915048e-01,1.905088931490568349e-01,1.897248453483385555e-02,-1.483602619639941556e-01,3.091205923446206372e-01,-3.247943986804228134e-01,-1.693443432424617534e-01,-1.507816067786865721e-01
2.944664311475150093e-06,-7.614172597050929527e-05,1.335598383785233378e-01,-8.669943257749752885e-02,2.895699071132693328e-02,-6.263574729236989769e-02,-4.712524816527017268e-01,4.084290842806086175e-02,7.686436953857474219e-02,1.511660992839454765e-01,3.874775422612408149e-01,-1.401480099959906966e-01,-4.528870064587092042e-02,-3.493787820595034010e-01,-1.022791171677877725e-01,-1.104585116974709930e-01,6.103732926169072037e-01,-7.949460180446082935e-02,1.569818445021766221e-02,4.442686859023602108e-02,1.386606119313003038e-01,-2.227012920126011930e-02
5.842488173999627360e-06,-1.639430181398615735e-04,5.884170576747113079e-01,-1.744620395632313081e-01,1.890008394521037680e-02,3.746729482716982390e-02,-4.548302265210026063e-02,1.318725380242598832e-01,-1.027817205568788868e-03,-8.996292112942426422e-02,-2.256426543355045389e-01,-8.914433062311237499e-02,2.370824494900412166e-02,-1.120901073855317190e-02,-2.798384234398633708e-01,4.423191596682710114e-01,-1.009384022954729621e-01,-2.490794232823579507e-02,-3.036819556373026030e-01,-1.523260141463568529e-02,3.465896140506934953e-01,-1.926679936531565940e-01
-4.356303051058029287e-04,3.334491471201683765e-03,9.823522542061795260e-02,5.012198229174316122e-01,3.140459790520872541e-01,1.247953874599193186e-01,-5.073571869238441279e-02,3.486508604154003876e-02,-1.056509163615942382e-01,-1.102716471882094623e-02,-1.098930740496802637e-02,-5.203896732913781270e-02,-4.943083414894847150e-02,-2.748327619430525615e-01,5.371875379613365586e-01,3.299625574614558632e-01,3.979442631503200128e-02,3.100714017850900173e-01,6.611858096899259074e-02,-1.232893142361794481e-01,4.269728381839728998e-02,-1.116744796301515907e-01
-1.118521385026295219e-07,3.624433711083641088e-06,-2.264717217287984599e-02,1.192480216908955136e-02,-1.247852441559569106e-02,-1.140595611731944070e-02,-8.127826723187885072e-02,6.952911293735247050e-03,-1.588113775687655105e-02,-2.308069783243715117e-02,-7.000209040807212069e-02,-2.358177437943353300e-02,1.094162325766182345e-02,7.991026335845297784e-03,-9.177138357068581609e-02,4.431821530912954249e-02,5.523201984440232609e-02,6.316328108131821772e-02,-1.300817094955964981e-01,-7.113099274376690762e-01,8.752058694187288268e-02,6.618236273756533672e-01
-5.680629420328548633e-04,4.162039114428926594e-03,5.060092469398097190e-03,6.809033660188142795e-04,-2.186189999351422636e-03,2.375901942961038127e-01,-9.927259954427683497e-02,6.481586912677281820e-01,-2.112048488862046935e-01,2.277854644155188901e-01,1.695211405031412377e-01,6.048827197306388959e-01,-2.108936664865168620e-02,1.427094183980590902e-01,-1.170246874602969521e-02,2.017264731818158366e-02,-1.116639537733388199e-02,-1.756353881785628970e-02,-1.379870912302545889e-02,-1.618641837340149825e-02,-1.144019886164008432e-02,7.236644832541594234e-03
-2.635927257715121246e-06,6.928260358744339135e-05,-1.716135313280828245e-01,6.289415029364117671e-02,1.098662687662909287e-03,3.816691225234806334e-02,-8.683526757922397157e-03,6.800907489978427201e-01,4.389612637287859109e-01,-1.311271379098696566e-01,-2.441532943514680420e-01,-4.474009535106278634e-01,1.855057082141858479e-02,-9.317140299264385639e-02,6.325939542294456560e-04,-1.035872083931221044e-01,-2.709887542901470714e-02,-5.298844808293326838e-03,2.086591822165301258e-02,5.517631739430611804e-02,-8.739422250500211709e-02,3.522599966672059629e-02
-9.250583583874355531e-01,-3.767978281532400331e-01,-3.033869722121667820e-04,1.995560374704558678e-04,-1.913702393450468733e-05,3.791349244805434018e-03,-1.762529664791468277e-03,-7.755078487149393192e-03,2.660834937621909743e-02,-6.094336930774725200e-03,-1.310666763801944870e-02,2.839689787803917342e-02,-4.169422269554978050e-03,-2.159700760740042302e-02,-1.443587140768390949e-03,-7.924018130932033131e-04,-4.957540362337473907e-04,-1.452408679596074378e-03,-4.026217217655953087e-06,-4.649096114412467452e-05,-5.907537385102117110e-04,3.593357953138031106e-04
2.228070694032870803e-07,-4.298839786924168363e-06,2.773458618430461181e-02,2.004761738164767826e-01,6.732068366607792953e-01,2.851830360269919790e-02,-7.644047227187647509e-02,-3.363514246081143050e-02,-7.260948730153919672e-02,-6.379717868434477135e-02,-6.512714285665580083e-02,3.847881667467616812e-03,7.453442649421460064e-02,4.180082974622282427e-02,-1.041729631759247543e-01,-8.686658583968479008e-02,-7.993705483559300495e-02,-6.582677481034363565e-01,-6.635637870403033288e-03,6.316330022069188699e-02,-2.539043092055142878e-02,1.198380219004314545e-01
1.932327145392525314e-01,-4.055279506267481793e-01,4.186324876929064034e-03,-1.807743765679734353e-03,3.337393459597857298e-02,-5.806831829366057018e-01,1.156558934576503300e-01,6.281841702469828648e-02,1.513421664111268272e-01,-6.319586491492013014e-02,-2.119391055161079507e-01,4.178225071696531900e-01,-7.319339702397902048e-02,-4.353549721237875980e-01,-1.663009362784171469e-02,-1.029322374480731196e-02,-9.753829745676890345e-03,-2.490536540006403621e-02,2.387756482062721331e-03,-3.049938308664644927e-03,-1.169728750953336581e-02,5.020727334859090112e-03
1.022805612678558943e-06,-2.934374022773893065e-05,2.499718232570451726e-01,6.434702196029659094e-01,-5.654531462103250528e-01,-3.845955970411277236e-02,5.292605432482399425e-03,-2.559146487352652322e-02,3.704332324794700620e-02,2.215327374403552596e-01,-2.898302753742602877e-02,-3.645533168698411597e-02,-4.809867404993289908e-02,-1.245396223748683169e-03,-4.006188115745484141e-02,-3.826497918933789016e-02,-4.749976543654393230e-02,-3.688987091348155944e-01,-1.998978817235423210e-03,3.227796600941012367e-02,-1.128621604291646721e-02,6.358410260929170388e-02
5.136227485347860884e-07,-1.657965884380263968e-05,1.030873025643996854e-01,-5.424553320833083725e-02,5.772647381577224873e-02,5.415674069424099984e-02,3.772451384151918052e-01,1.987979665737645701e-02,1.329478655277785970e-01,9.077657928000691656e-02,2.817923463187308464e-01,-1.620310150167721813e-02,-4.684430132387892159e-02,-9.179515098692450636e-02,2.404435496053113630e-01,-6.656686715174479907e-02,-5.973266204481795377e-02,4.484074525087945740e-02,-3.177746767533730088e-01,4.451092829498567993e-01,3.193798921502159494e-01,5.023154756494311313e-01
2.632222617993214911e-06,-6.775102913228884844e-05,1.146638925856336561e-01,-7.467424830955951554e-02,2.410473009325955415e-02,-5.748011259622574226e-02,-3.951679504354018713e-01,-1.540649302048794494e-02,4.191286416763980588e-02,1.248728271803524886e-01,3.336555361276228870e-01,-1.032206996820729389e-01,-3.642801973330202225e-02,-2.660727932840410981e-01,-5.811228485480077893e-02,-8.839459708552897810e-02,-7.497926982642151295e-01,1.030329808678870501e-01,3.333767516851562224e-02,-2.469993473952794213e-02,-1.469669087630018356e-01,4.719547668058221568e-02
4.682816559316010111e-06,-1.306456741758277740e-04,4.562535709835424114e-01,-1.410776604783779420e-01,2.056843595502274094e-02,2.476528531171680314e-02,-2.105196887399187269e-03,5.205085762416926387e-04,-4.209801876351264988e-02,-1.840511974502309980e-02,-1.079464167621191212e-01,-5.607504325920710693e-03,6.270874443420032529e-03,1.659612643892579426e-02,1.549430728744882191e-01,-3.423083685241123247e-02,1.757963308076215259e-01,5.067854830787613812e-02,-2.096246271994355870e-01,1.004075985467418192e-01,-7.822164649406847525e-01,1.795564356763983127e-01
5.425022031990405381e-04,-4.099031975211524757e-03,1.566274553923677204e-01,4.145635467942005437e-01,2.813842334748906104e-01,-1.266749462458219844e-01,6.163850812641907817e-02,-2.822637244560508019e-02,1.826793107382463088e-01,6.559623166573504138e-02,8.807181255885818127e-02,6.547706877029887962e-02,1.429543610909984053e-01,2.497735126556499263e-01,-4.769713837472152052e-01,-2.642314133423081524e-01,5.995958125476828771e-02,5.113039449224022759e-01,-6.646144068518686221e-02,5.825685224512944238e-02,-1.540535235392691792e-02,-2.884056192544249067e-02
1.661305019679941592e-07,-5.326832610092424740e-06,3.249845663359845344e-02,-1.709460129244993326e-02,1.784292138442715447e-02,1.683253079068709052e-02,1.157226653269014388e-01,8.631755466119949566e-03,4.124598442512451141e-02,2.565488153395530449e-02,7.111721005329459111e-02,-7.154191355591484058e-03,-1.171717665793100584e-02,-1.678691278138153345e-02,2.603322576481178485e-01,-4.986887510286667213e-01,-3.828528834455664082e-02,-9.592190619700176335e-02,-5.697054816738625904e-01,-3.775946713021273715e-01,7.599725910090766867e-02,-4.202957963337664027e-01
1.265579103550504509e-03,-9.559672479598969874e-03,7.578983338917950896e-02,-4.818409156790174480e-02,3.869625115506111074e-02,-3.813657747795559105e-01,-2.334775161310020941e-01,-6.500494354152067805e-03,4.590640616839626320e-01,1.781964119402607363e-02,1.997316204765728076e-01,7.551915706663463179e-02,-7.758895707334951056e-03,5.782402154536147032e-01,3.617004996649612059e-01,2.301042847607437936e-01,-1.006609457268957831e-03,-9.579223158539340588e-02,3.039864185109952127e-02,-6.035963903320486906e-02,3.563663661542421091e-02,-2.202385165115053334e-02
4.743074020771063990e-06,-1.334976889416741896e-04,4.884384784270233704e-01,-1.450016724253152534e-01,1.652484513827274029e-02,3.638716866361337010e-02,2.389419630729642738e-02,4.672928916614735306e-02,-4.750297724870009008e-02,-4.918613084751709968e-02,-2.008863923687639330e-01,1.511125121243478420e-02,1.817370169472530203e-02,6.881359856993563007e-02,2.328605652722121333e-01,-4.849191737608109509e-01,-2.967326142141433337e-02,4.686223967279390390e-02,5.602861137864444396e-01,-6.449864726087314870e-02,2.660624990636405451e-01,6.639669088724768631e-02
2.550358338566555694e-01,-5.795660390010636265e-01,-4.467844573407275983e-03,3.432680772376829614e-03,-3.064569978640457187e-02,6.077360846496714375e-01,-1.492989263381002962e-01,-2.155393048752007878e-01,3.728953359200488649e-01,-5.425386940199123514e-02,-3.415423554115409183e-02,1.219560182729103187e-01,-4.415945011685583170e-03,4.185609817237793268e-02,-1.185603801573086903e-02,-5.151087952850442152e-03,6.828791633798562532e-04,-2.355885195845753080e-03,-2.914599509915857724e-03,2.593005165211497917e-03,9.019165781132622338e-04,1.933545612671281168e-03
