2.347514581482834184e-09,-1.632583149536738533e-06,-2.034876321086074094e-02,-2.296971346028085087e-02,-1.086737591154136222e-03,4.271882476731104356e-02,-8.784361514646277236e-02,-5.584582768942222136e-02,2.212550584527855357e-01,1.870470615634069467e-01,-4.810209036707155938e-01,-7.722700435738203417e-01,-2.701002213531965013e-01,-1.271279118756614424e-02,1.427646236550370387e-02,2.233787201554140664e-02,-2.607178433423510203e-02,1.327287983427023407e-02
5.425401528811578389e-02,8.106316507715422004e-01,-4.757447361992650199e-04,-5.292008427236008679e-03,-3.373058115958193354e-02,3.295846059064270195e-01,-1.879119462212285319e-01,1.801819914383284982e-01,-2.900637366527329952e-01,5.737470059490405033e-02,-3.262724880997272536e-02,-6.134048003133454885e-02,9.905840886790254207e-02,2.449471402581501200e-01,5.601335169593442409e-03,-1.297392574790939487e-02,4.339778303019506053e-03,-8.840931263818367983e-03
4.682158933693167917e-08,1.177095815375299849e-04,8.946102978914420578e-02,7.591354318224138691e-03,5.418154430727029069e-02,-1.282137027683861730e-01,-7.187443226759387960e-01,-4.559845541400836533e-01,-2.776646903364867261e-02,-4.323685908441554093e-01,1.818415227902948628e-01,-1.464834964442379706e-01,7.335596884198840317e-02,-9.004747671642686357e-03,-1.522077479745914501e-02,1.013498323999697213e-02,-1.157175533072089379e-03,-3.759182772629630215e-03
8.169897208194199401e-08,1.781015788451734345e-04,5.614356212221407322e-02,-8.658640866482922305e-02,-5.759481005793111973e-03,-4.297068875540809019e-02,1.559974611900553573e-02,4.485181406290502104e-01,2.144809405801094970e-01,-5.143353810109331237e-01,-3.080585176305354889e-01,-7.776287145458944672e-02,5.137103599081725980e-01,-1.611121130927323786e-01,2.733446168134676113e-01,-2.372705662948931468e-02,1.597482822456408212e-03,9.711236901932408794e-02
8.284781380785142498e-08,1.864305726801087271e-04,6.229717691215589520e-02,-1.615168401451193003e-01,1.976605985458182169e-01,1.595803324378941568e-01,3.370785265881474091e-01,-4.574601925346743481e-01,-2.352716097041596399e-01,5.733426013893844209e-02,-5.393825115662376907e-02,-1.835203731500200386e-01,5.090056830887967898e-01,-1.419552093314839225e-01,-1.994738278194021774e-01,-1.544729916958469396e-01,-3.739832337662372108e-01,6.798332593845535232e-02
5.171986994979888193e-07,1.154617008250168704e-03,4.083108846107940115e-01,-6.355680145331266129e-01,1.972646507375389602e-01,-2.806635756531052905e-01,-1.625831030200871885e-01,2.797443493440077700e-01,-4.827172353850989889e-02,3.053159043802587957e-01,2.488975629390834665e-01,-1.093459785741616869e-01,1.879646476869401700e-02,-7.937540762491306079e-02,5.805324859895355516e-02,-1.361681911585643605e-02,-6.409272258298601144e-02,-1.522724472385184602e-01
-3.607560494286338339e-05,-5.363078385208895453e-03,4.743213236566442559e-01,4.213748742298553673e-01,8.904305760552208571e-02,-3.730612375928516466e-01,1.136055602778049678e-01,9.791081128136558398e-02,-5.415761388092501516e-01,-1.352131555052679679e-01,-2.416862169676803618e-01,-6.018921503953945235e-02,-1.428762467691407911e-01,-5.215837400502545962e-02,-4.862425963435978993e-02,-1.360981730753795527e-01,4.275773336825199750e-02,-9.146571153687865774e-02
-4.043007485019946127e-05,-7.119067966091055001e-03,-7.979192846120189420e-02,2.004314917525031325e-01,9.377942554847599199e-01,1.679868282010326397e-01,-4.443427151589824514e-02,1.136280212644356635e-01,1.346917523080142232e-01,-1.629587046334152536e-02,2.752339016095606966e-02,4.415463888424331351e-02,-7.596265167526204676e-02,2.288142840124084490e-02,5.816312840753022455e-03,3.203223586322626049e-02,4.833357486694705996e-02,6.473465310197793962e-03
-9.972445534968961134e-01,7.356234208063405777e-02,-5.824096810937691524e-04,5.063771585694857962e-04,1.121200284653703317e-03,-5.615982113236326831e-03,2.834787838141649904e-03,-2.586689849558675234e-03,4.124374788234668604e-03,-8.262351744217290468e-04,4.553662215043021138e-04,9.169484208616419810e-04,-1.666040990760437809e-03,-4.701033760461963661e-03,-2.393364461306468161e-04,2.453586875333205772e-04,-2.701234147143319287e-05,1.687887404625072383e-04
2.607608091978397883e-08,6.693550929832184056e-05,6.983613972954889892e-02,7.109560425221836399e-02,-7.986134677586506636e-03,-1.045782903991509909e-02,1.732716566117435686e-01,6.723695271920562821e-02,-1.508454558383394706e-01,-1.493260461291888441e-01,3.100013986894810669e-01,-2.116886092410251441e-01,-1.403918502682731939e-01,4.859294536263983333e-02,2.286618127934546274e-01,6.517984793794745491e-01,-3.542103556068607051e-01,3.804236407340549353e-01
1.754462074561436574e-02,1.943604082953816758e-01,1.060895762625469786e-02,-6.691079714245477816e-03,-4.109776471314922908e-02,2.186983936727493472e-01,-5.711563597145780796e-02,2.461641422835734311e-02,-3.169864049873807876e-02,-3.397194302363835267e-02,2.406893164959730824e-02,8.459310531669204936e-02,-2.432114647892139880e-01,-9.105125114607351966e-01,-8.310432066482136004e-02,4.705812081569807348e-02,9.946848801871584211e-03,3.277089590775336680e-02
1.107469321152437530e-07,2.620413948750811677e-04,1.797481774280512701e-01,6.825748263650217862e-02,1.732826285405649966e-02,-8.074692747201722698e-02,-3.072596021485029527e-01,-1.384649087009491852e-01,7.738492329532513370e-02,3.892065881051512410e-01,-5.121694564298078234e-01,4.314742285964605073e-01,1.698936938654453666e-01,-2.313779299751381885e-02,7.848438046025379977e-02,3.751912673129421671e-01,-1.871797018191108108e-01,1.590867811867079928e-01
6.495229712053901235e-08,1.374689824624948415e-04,3.694727565995258034e-02,-5.812779251493743748e-02,-2.393933242406359393e-02,-1.595321549993914539e-02,1.478381311804455658e-02,1.884500435701751409e-01,1.140640207696728137e-01,-2.093958030491559763e-01,-7.955415553010528051e-02,-4.011159291155582535e-03,3.709338222190548817e-02,7.793773517952558294e-02,-8.068968111670259402e-01,4.024523458748349158e-01,-5.935472937772273694e-02,-2.673401552644868451e-01
6.529738276022154799e-08,1.412028315763057750e-04,3.729855662211314926e-02,-9.769834205160206342e-02,4.870703607130445062e-02,5.026161279304950519e-02,1.744877711211611782e-01,-2.445714559834122892e-01,-1.550624428400883548e-01,4.515444130607291356e-02,-2.263730844173842197e-02,-1.059783924752396300e-01,2.229066219585654485e-01,-6.379271035428070447e-02,1.629667097189484437e-01,4.486816883605683204e-01,7.301946464120343538e-01,-2.031314734424102819e-01
1.420394565517579553e-07,3.126377161308625590e-04,1.040564989957792202e-01,-1.615292313264499457e-01,3.071764319678432775e-02,-5.480760103542282879e-02,-8.040908364287710497e-03,2.777521027789377206e-02,-1.987215031967130147e-02,6.661490873631305265e-03,-2.365391668406772660e-02,7.583994651487065836e-03,-2.667419187888675838e-02,5.457942844612834188e-02,-3.442970256441698074e-01,-1.405526436274379398e-01,3.850661945427960031e-01,8.166876383815004914e-01
5.341429404139030369e-05,9.476679718011115847e-03,6.809143986961410100e-01,3.140108503365532933e-01,-1.241677819698071422e-01,3.547314908045569593e-01,6.037956344073530657e-02,-4.968906290961996181e-02,4.467302169198415496e-01,8.631676189628817442e-02,2.442013923623271854e-01,-5.567752217588785302e-02,1.052396854819344224e-01,4.532216284055044786e-02,-8.752765422801081496e-03,-6.224177692869016509e-02,5.642057753414986276e-02,-1.673308677319519655e-02
4.791517893000137425e-05,8.394657114388271238e-03,2.677469242699850316e-01,-4.431232336672795147e-01,5.509742511118784908e-02,2.849018119576182118e-01,1.895074997417812435e-01,-2.237449317511458480e-01,9.038769095735463277e-04,-4.024181718400035579e-01,-2.968066983473405251e-01,2.553907835442201790e-01,-4.340092835450024000e-01,1.875459442827874246e-01,1.314588077696365043e-01,-1.810064510203375499e-02,-4.807845656423093139e-02,-5.463750257976520558e-02
4.745503707162439244e-02,5.472180512535348429e-01,-1.636716952972694372e-02,1.975815661011546404e-02,7.826706729770914472e-02,-5.765011961403759821e-01,2.953138572125191263e-01,-2.690052065376506429e-01,4.292127036421369835e-01,-7.020829498160213733e-02,3.783611257390157717e-02,5.792085928145386531e-02,-5.820014435385203327e-02,-4.246449385365001078e-02,1.913711323077485135e-02,2.601571379234046081e-03,-9.148023006527221390e-03,1.547843006142551880e-03
