4.502582151555427498e-06,-1.079068768651956540e-04,-6.630641714181347360e-03,-2.434312378131053833e-01,7.164428587529941828e-01,2.336169296267784010e-02,-8.175244086920392672e-02,-1.707795050340039922e-01,1.972250032778178341e-01,1.540083669837660485e-01,-5.679214905627644194e-01,-7.655662895609730012e-02
1.518821769704457869e-01,-7.093179392951555196e-01,1.927215265980200543e-01,-3.348002323469166930e-01,-1.147202759872382738e-01,-3.281920808221466257e-01,3.633669754884971681e-01,7.612018491355475314e-02,2.554056826409696890e-01,2.493258862519459260e-02,3.516397806467883892e-03,-6.293653120885332958e-04
1.885031450583421822e-02,-6.894274700884880924e-02,-8.106500826828747508e-01,-1.500779275343410712e-01,-1.173770743520147625e-01,-5.653899995714414990e-03,-8.361212420888150532e-03,-1.152661467329189338e-01,1.975937168334092053e-01,2.651002618283416698e-02,-2.987641507641724398e-02,4.974036843135274388e-01
-7.649255536853900297e-04,3.487051759100426307e-03,7.053536297330872951e-02,7.079169043218479229e-02,3.750385099966396102e-02,3.036990324489498294e-02,-1.262105760199378479e-01,-3.455352855099136922e-01,4.636638120350791703e-01,-7.892030758130299528e-01,9.624616571480665295e-02,-7.251890596130786126e-02
-3.298193473731670690e-03,8.035165852780506296e-03,4.857317450345146476e-03,3.030642773424942552e-02,1.663602182619504377e-02,4.678743244973765369e-01,-4.263794677067684474e-02,7.162067269056380248e-01,5.143034669398893755e-01,1.892801822357484398e-02,3.349730136436508340e-03,-1.231776549201737611e-02
-9.637097521448060311e-01,-2.609209724094629923e-01,-1.139669054970799018e-02,2.809370351492807352e-02,9.425483713876241232e-03,2.688119382643806496e-02,-3.072960727991934024e-02,-6.820528062184964824e-03,-2.140707469858139228e-02,-1.874838409277624577e-03,-2.419804126903539064e-04,-7.182848280462781612e-04
3.361772362677390093e-06,-7.880453282753766572e-05,-4.804282624771869653e-03,-1.698725897481867808e-01,4.960841568039122129e-01,1.471603017784011216e-02,-4.999951358116484779e-02,-8.951080999827319695e-02,8.925997560004325648e-02,2.038225274312155666e-01,8.144006262177937439e-01,3.914947434886822258e-02
1.064126860402275221e-01,-3.145519961181194590e-01,1.062223557451272005e-01,-4.579350462529750421e-01,-2.000005641602081163e-01,5.093951609404605563e-01,-5.314851150937159874e-01,-1.588665152138345193e-01,-2.476803020710219849e-01,-1.407225375716258248e-02,-1.683971446346363985e-03,-7.984642122446350930e-04
1.196475552459834446e-02,-4.082401968787657820e-02,-4.967456543502046240e-01,-1.150913592368024152e-01,-7.128628735477340883e-02,-1.673214352372358674e-02,3.952177047669416105e-02,1.973600280049324363e-02,-1.543288566413309262e-02,3.072867680878596085e-03,6.328007713900436759e-02,-8.524217346927913663e-01
8.232325240969700546e-04,-5.917136845394412384e-03,-1.318327371387080227e-01,-2.708881697819912615e-01,3.096519160672310811e-01,-4.639946801791056813e-02,1.758191696247332347e-01,4.348466114170418395e-01,-5.182913747020048145e-01,-5.562247526900330197e-01,4.028068202404247976e-03,1.146067760497710419e-01
2.750477870017292888e-03,-6.912370988363377398e-03,-1.136066189183519703e-02,-1.314915236370631409e-02,-1.342439056757853411e-02,-6.257710643743935597e-01,-7.106565433597663572e-01,3.107391623045924756e-01,7.905163318983154941e-02,-2.511117830896170654e-03,-5.945721163349531983e-04,-5.067576677135219275e-03
1.906658396108656950e-01,-5.685649578412741434e-01,-1.579896369286897806e-01,6.885106595613600389e-01,2.659951138334453735e-01,1.320553591211376110e-01,-1.415493009580481021e-01,8.360484802976062002e-03,-1.801398063776375735e-01,-2.470532172747404512e-02,-3.667275334243703250e-03,7.072329291442271820e-04
