-1.784257886204625715e-06,-5.235661926603382932e-05,-3.548819694128512413e-03,6.514250221167275368e-02,5.110070505935139229e-01,1.838974390054196398e-02,6.060400537334000720e-02,-1.097837475446785810e-01,1.845655520455980192e-01,-7.861457529578604886e-01,2.577956639559992880e-01,1.990015237598190614e-03
-1.528710309958042357e-01,-7.092923274069330430e-01,1.956257392036487297e-01,3.485991453507606419e-01,-4.031464055019993997e-02,-3.275563925067670468e-01,-3.672509043818683039e-01,1.338103402312625645e-01,2.274206657481012417e-01,1.129403117816603222e-03,1.544255556783436000e-03,1.798149779355293770e-02
-1.774596604340129835e-02,-6.566322522838004272e-02,-7.930749066646797241e-01,1.726509738859384469e-01,-8.767059382356633124e-02,-7.235293575996185056e-03,6.054813299421942137e-03,-9.651863940401721187e-02,2.482444054768014330e-01,-1.278584801720960007e-01,-4.901391481055646371e-01,-3.601116296008994438e-02
6.168277708112848310e-04,2.617963619399771118e-03,5.288935679776937682e-02,-3.643142745308029090e-02,1.723114826250241316e-01,2.548082763750312771e-02,1.029766981260502728e-01,-2.375250706346933582e-01,4.507428123710937040e-01,2.955749752391526597e-01,1.257882390412620177e-01,-7.695121985321746738e-01
3.248239223975959294e-03,7.817177869856525158e-03,3.628146318650873545e-03,-3.478147215020233746e-02,1.076353397658488288e-02,4.716281025971678642e-01,5.825111547215343355e-02,7.893998701518287753e-01,3.863876182156463779e-01,3.682354419979538655e-03,1.083289317148084657e-02,1.359615129400440318e-02
9.633687401331819666e-01,-2.621765806820873790e-01,-1.150456405551653419e-02,-2.916364869233533524e-02,3.169119932361007599e-03,2.688545040484226906e-02,3.106665130319954948e-02,-1.162003662038054060e-02,-1.913570719482859603e-02,8.213861904811362480e-05,6.730231233034539512e-04,-1.252933080147497274e-03
-2.697672712568693824e-06,-7.494276329778094012e-05,-5.024547374796962430e-03,8.930179050790039430e-02,6.903901841171465881e-01,2.344808078903279358e-02,7.524371337803659188e-02,-1.203139844639608824e-01,1.773767705784260740e-01,4.798176803010574254e-01,-1.291169309080178185e-01,4.650975612880921539e-01
-1.071782816794734638e-01,-3.150680711612016127e-01,1.086939818290752480e-01,4.886082820625777257e-01,-1.149589712539790254e-01,5.074810151341364595e-01,5.283252009206291788e-01,-2.149267436011088050e-01,-2.062217015446551338e-01,-3.383155765837089486e-04,5.921037483338929732e-04,-9.542924949598035125e-03
-1.206624631006304738e-02,-4.143146794473696881e-02,-5.222576326221175513e-01,1.452914948063165901e-01,-4.697758180973008596e-02,-1.980637800755783925e-02,-5.463071596266352858e-02,5.121832613543347845e-02,-7.953332421626571613e-02,2.150188177380225885e-01,7.972266639325005233e-01,8.910203521997862863e-02
-7.626462612103269848e-04,-5.555718634960084799e-03,-1.301242588777483111e-01,2.131385746672955772e-01,4.386048403183583355e-01,-3.834060342985275843e-02,-1.490589914558556328e-01,3.525672038190297841e-01,-6.237014398203606369e-01,4.228063374505354466e-02,-1.583882553243813607e-01,-4.258682615412828221e-01
-2.767477997300572378e-03,-6.982747028953168941e-03,-1.188626928430836990e-02,1.717169489944907548e-02,-1.442368804720997252e-02,-6.253982808242622982e-01,7.172511154605403227e-01,3.039252348244451674e-01,3.640528867976381561e-02,6.623903338617082503e-04,5.475596173431785535e-03,-9.499582485173615164e-04
-1.912700934100548256e-01,-5.680881309693067704e-01,-1.677530840732694706e-01,-7.262876927900292490e-01,1.228817872308908821e-01,1.320568553342742479e-01,1.483689399600537639e-01,-3.247577507139790681e-02,-1.706316898067650745e-01,-1.163019919427181904e-03,-1.852863153738261003e-03,-1.816019371173304905e-02
