-1.561731792871873248e-01,-7.164465997565515609e-01,1.875175608893467905e-01,3.479628323781077670e-01,3.036289367089607949e-01,3.404018259945462699e-01,5.189903458801271852e-02,2.989541035006367253e-01,-7.708527775914156277e-02,3.149991185125820695e-04
-2.187801476749938814e-02,-7.032734402199171397e-02,-8.348147861914820833e-01,1.635648818631209034e-01,1.033324342772067202e-03,-4.480004547357010342e-02,1.704092191951227242e-01,1.803196560254588798e-01,2.395374902804875764e-02,-4.547195235173637218e-01
9.484764348998040665e-04,3.172734630827232435e-03,7.901255953713431923e-02,-7.212106184448455193e-02,1.194796844563400344e-02,-9.352132553035059914e-02,2.803663909125483356e-01,3.168459166750083877e-01,8.873536062466085284e-01,1.151630980674015897e-01
3.499971856892046627e-03,8.433211894457148458e-03,8.175494052230334804e-03,-2.087620298136274102e-02,-4.714679652726528336e-01,-3.891536987563339045e-02,-5.879921163817142249e-01,6.535924684011744645e-01,-4.975237825786364698e-02,1.497950163521114333e-02
9.621305204970403979e-01,-2.659808029721956180e-01,-1.415237457175726535e-02,-3.523032724407596655e-02,-2.493472015974199443e-02,-2.982518166261361597e-02,-2.182452028531990662e-03,-2.405988575900988927e-02,4.672357528460412829e-03,9.243697836160013779e-04
-1.100012637831498941e-01,-3.268554259643813298e-01,1.060778579821305967e-01,4.491833443540312332e-01,-4.864783977408995708e-01,-5.864231528179939534e-01,9.964831460243434025e-02,-2.756254280708589910e-01,3.880265798124073184e-02,9.429134970747600833e-03
-1.218124526419537938e-02,-3.701421594685883748e-02,-4.571030571278458243e-01,1.146923463498748380e-01,1.411150617839381470e-02,2.834439934506092357e-02,-1.636530652906889116e-03,-4.308300123327024958e-03,-5.900098703675064199e-02,8.785665200769342542e-01
-2.301046137121375186e-03,-2.186790348816131449e-02,-1.279541911572720514e-01,2.770606376377619529e-01,4.570050182494912044e-02,3.041653398080723103e-01,-6.262933558294050407e-01,-4.660132830913351065e-01,4.411449362442736999e-01,-8.806779130616791684e-02
-2.839108953322033203e-03,-6.783161841691369605e-03,-1.111317505176588963e-02,7.285135584208450588e-03,6.581321909056868646e-01,-6.534925619876594816e-01,-3.549133999436071552e-01,1.164942169464419919e-01,-5.969783399903207978e-03,2.963221341318613821e-03
-1.927718509940243852e-01,-5.497295911358636156e-01,-1.572254103394581659e-01,-7.440122821897856564e-01,-1.125832220514374066e-01,-8.188263145161987777e-02,-1.256305265197766308e-01,-2.079199779606595855e-01,6.292272601153567346e-02,-3.085658734200486669e-03
