3.831045924855498024e-09,-1.426576405233315786e-05,-2.767156493371217621e-02,2.602771101955106414e-02,2.883763109915685879e-02,-5.576458559187898872e-02,9.786972618147242453e-02,8.031246724471606535e-02,1.147528854009444987e-01,-2.958112988324118620e-01,3.029802910994904841e-01,8.403179981670618748e-01,2.229821381932642621e-01,-1.693725756258505910e-01,9.324466570992725328e-03,-1.446503368410811605e-02,1.840611365919172723e-02,3.053796865950188927e-02,-2.508055480656998498e-03,1.046766169607322517e-03
-5.068083198332997558e-02,8.045814721901524136e-01,-6.159911722768879371e-04,3.570024242346055967e-04,1.527935453254390952e-01,-2.686757944962002154e-01,2.097229052342502661e-02,-2.686706507967307478e-01,-3.375688470608841918e-01,5.263515479587435597e-03,7.171823386303170789e-02,5.492101032752803175e-02,1.400068340095806003e-02,1.877340785922416988e-01,1.557797554500112147e-01,-1.119117322264983130e-03,5.314245979082417564e-05,-8.288109809883760851e-03,2.251146035167262641e-03,-7.684707228629383911e-04
-2.761340397213631873e-08,7.427917425740022852e-05,8.381996299805972994e-02,2.570931430612812159e-03,-1.494347880340129164e-01,-9.112835086401252505e-02,8.491199825051963801e-01,5.390414025004967857e-02,-5.571106802998358754e-02,3.399859246090034502e-03,-4.744780240576573216e-01,8.706973636335452182e-02,-1.619039752633486418e-03,4.526021953807046749e-02,-1.895952115895377377e-02,7.502068357293319688e-03,5.604219988709652905e-03,7.623844135889411115e-03,-6.153110791615201171e-03,-1.415849374478254669e-03
-4.608576971984072862e-08,1.085012713679341426e-04,7.477653256126395864e-02,1.552041214768370425e-01,1.643184942023706019e-01,3.592271875845412521e-02,-1.538682583516042535e-01,6.078538666268180624e-01,-4.781571693488007035e-01,2.253102448674056818e-02,-1.455890684670957114e-01,2.031258389311343671e-01,-4.191796046748694771e-01,6.403307204588259971e-02,-1.081937949703176000e-01,2.266846729175046524e-02,-5.543365135701514013e-02,1.221382714492176141e-01,1.695142729339464416e-01,-1.360584029161888697e-01
-1.247664960137744659e-08,3.293905247947670798e-05,3.658463211302180607e-02,9.437020536077334043e-02,-1.567390475222699420e-01,-1.624314510980119364e-01,-1.526805238560268174e-01,-1.856697590834293921e-01,2.730182696073413240e-01,7.246723717126649089e-02,-1.327112862159181839e-01,2.324701881545785109e-01,-2.790908475743190120e-01,4.864813150312098378e-01,-4.275267968616395797e-01,-2.338160493614384050e-01,4.027252121243334870e-01,-1.037035893872362141e-01,6.799023995307740265e-02,-2.321473605214439441e-03
-1.436550894434624884e-07,3.717984388892751901e-04,3.754872073370228991e-01,6.495168348132709379e-01,-2.295988006466161968e-01,-1.372066376502922846e-01,1.829531465769978008e-02,3.852637733545137555e-02,-7.849268321047774694e-03,1.662720498009896963e-01,1.744099208965811387e-01,-8.561492771703146931e-02,1.927176656285517209e-01,-5.908470769205675238e-02,3.090049574087909076e-02,-4.256647933777525927e-01,-2.346003984282393762e-01,5.942801337950132795e-02,1.004740864980162018e-01,8.294306028226323957e-02
2.745741538206143107e-05,-4.266306351456710180e-03,4.993064569930404928e-01,-3.712508952192201672e-01,-3.441742507673857254e-01,3.232837551989989344e-01,-5.183021793060525045e-02,-2.867205085180368207e-01,-2.674990770171209453e-01,2.776396438153485025e-01,5.917614378371550965e-02,2.227358525585914073e-01,-1.896454821719908701e-01,-2.041259526055975992e-01,-7.811316193558064114e-03,-2.741537685718891532e-02,-4.463414332778012361e-02,-1.443670291377306680e-01,4.060116877276953584e-02,-1.742906033202126434e-02
1.681480656052235210e-05,-2.923344529719763309e-03,-1.521693332343190645e-02,-3.140990734556465408e-02,-5.588333894197331508e-01,-2.623147995661807563e-01,-2.835236359582773424e-01,-3.170114459732700091e-02,-1.776677634257823879e-01,-6.209982098554808205e-01,-3.005940815993142223e-01,-7.775543992203141908e-02,7.944955911497707246e-03,-1.355250134147371610e-01,5.947640913636708521e-02,5.702560620118467174e-04,-2.155154462617587044e-02,1.294087636607623749e-02,-6.514068690727117458e-03,-5.411184135634555109e-03
7.650138088368541941e-08,-1.895374881710937568e-04,-1.630751051731886836e-01,-3.310827664773850487e-01,-3.910485835933400489e-01,-5.474969230550945642e-01,2.262852694907754175e-02,3.674018890550377892e-01,4.734162701755896541e-02,4.311121111783677295e-01,2.767152141581065150e-01,-1.450864617116149648e-02,2.856434286997180938e-02,1.170338969010451327e-02,2.206317614429103777e-02,7.239363664843398438e-02,-2.892723858251636943e-02,1.443354861568519817e-02,-5.375420621885104028e-02,-1.125917188925000013e-02
9.975278437742828297e-01,6.964624811617466105e-02,-3.263702728247099612e-04,9.098406817479214452e-06,-2.652692431286449160e-03,4.191329415314182065e-03,-2.954826288311498180e-04,3.808010609993760492e-03,4.755668683688702228e-03,-2.037211045844030782e-05,-1.036792109406675915e-03,-8.767011801250708045e-04,-2.433738789968700983e-04,-3.575940462687699026e-03,-3.311917076952252455e-03,3.123180219609549327e-05,-3.316965866167142195e-05,1.484233956662637079e-04,-4.549345334549517668e-05,1.583602581197138777e-05
-3.141258988276936933e-08,7.992903273074498059e-05,7.579049058746659129e-02,-6.703140471442962933e-02,-4.534292786593945024e-03,4.812567955412360571e-02,-1.703312050165540770e-01,-4.371836733316231821e-02,-6.110520818855633141e-02,2.206054073895966083e-01,-2.662649207447217448e-01,9.378075424122582493e-02,2.943787682109718640e-01,-2.767975506138802000e-02,3.583694200954837261e-02,-3.440873217942251594e-02,2.880467262889039870e-01,7.865115942313763986e-01,-1.658119182131683467e-01,7.383243213468311528e-02
-1.760822612363718842e-02,2.019094722905232786e-01,8.572652983056275322e-03,-2.665610257006829562e-03,1.692180163546279370e-01,-1.969920888438694284e-01,8.569553008917063855e-03,-5.072353248325588843e-02,5.913048252529837928e-02,2.781038944542437580e-02,-6.222760904888238048e-02,-1.015353851964264364e-01,-3.568038281504899711e-02,-6.331117903999557983e-01,-6.835615778174569668e-01,8.115866909195999096e-03,-1.399382039444329630e-02,2.436815896402720269e-02,-8.831254705379588260e-03,3.145129151425265102e-03
-7.674750801268007867e-08,1.932156307104165101e-04,1.768066704415246770e-01,-6.004290941155928513e-02,-5.050114517623444793e-02,7.055031730751137355e-03,2.866807142590344637e-01,-2.680818821672034322e-02,5.771490858622439768e-02,-3.396877747755053245e-01,5.204788546198370058e-01,-2.255172613221640143e-01,-4.611866480287447612e-01,3.696814543083238452e-02,-2.497576988795035050e-02,-1.641100675687668514e-02,1.315073608883430001e-01,4.414426470737773389e-01,-9.858453577727153971e-02,4.813428154506582679e-02
-1.248826115569493876e-08,2.964339591836762038e-05,2.124572847341377191e-02,4.531310296330696985e-02,4.768689895154448743e-02,1.978305879492421593e-02,-3.971222067698450264e-02,1.467568886745690138e-01,-1.253562120569371996e-01,7.558080829848785832e-04,-4.298228449761981596e-02,5.121778929215214937e-02,-1.036422369134735594e-01,-6.697143671444726228e-03,-6.159677311979670951e-03,-7.633111262166966671e-02,4.987461016695958482e-02,-2.122806962459761748e-01,-6.362322796717581053e-01,6.946486641208148294e-01
-1.264402516168599692e-08,3.225486532236865702e-05,3.193772570277232659e-02,8.136546310343792388e-02,-5.962483729833471802e-02,-4.500834036116076881e-02,-8.615639963275442681e-02,-1.879887689797692663e-01,1.993596055286057100e-01,4.911559050962791689e-02,-1.020143280264652202e-01,1.582673432274011027e-01,-1.578120536516428585e-01,2.421943505082055081e-01,-1.697118086770774692e-01,4.067357807225944200e-01,-7.104044071151620621e-01,2.420018091690447903e-01,-1.449457589097258858e-01,6.600445232646225124e-02
-4.220305486697207781e-08,1.084354331954767649e-04,1.069120960774437995e-01,1.906994174101296624e-01,-3.197462246113667861e-02,-4.370513680885771725e-03,-1.136879908636440062e-02,8.463229514413396493e-03,-1.880457928865077177e-02,2.775039346701470636e-02,2.376616703647321804e-02,1.775243811450799103e-04,7.035369012507451322e-03,-1.321083832148401208e-02,3.011336772381537508e-03,7.019297594959250652e-02,9.374751447413987027e-02,-1.122169870302085898e-01,-6.828640265751759753e-01,-6.755945082359355869e-01
-4.685741892354570331e-05,8.756927758687190616e-03,6.868754843730645598e-01,-3.160671484343543503e-01,3.185562200947527622e-01,-2.448876829086106266e-01,-8.828138849243209740e-02,2.440719837442028584e-01,2.286657574158850736e-01,-1.984339938206894083e-01,-9.559000876277522207e-02,-9.448675076138085549e-02,2.230354599694290563e-01,1.713930006740015666e-01,4.410373273174980450e-03,3.246458893905241477e-02,-3.441828431138081040e-02,-9.028398133328019437e-02,1.098339335160192221e-02,-5.887136833765975810e-03
-3.320738971305818625e-05,5.739583903213155668e-03,4.506978434407225842e-02,7.937357115084865689e-02,1.594301103225748417e-01,-2.655876993291239052e-01,-9.338919264700044909e-02,-1.028765897009706332e-01,3.644446478660972599e-01,1.310749209751807254e-01,-2.428912236172454109e-01,1.270344641841985034e-01,-4.840610835172087789e-01,-3.634967413866657671e-01,5.250306437485794397e-01,-8.121145408076134442e-02,4.069968556614254190e-02,1.908349123222255819e-02,2.001778478804821029e-02,-1.106355954267983048e-02
-7.976581638475571189e-08,2.069158974266547245e-04,2.103355699509748267e-01,3.696962774665055740e-01,-1.152635103361561997e-01,-5.094949490484681348e-02,-7.174606559288160962e-03,-6.653565317088050435e-03,-7.763792715937399037e-03,7.491125583738046656e-02,7.405143178599554732e-02,-1.946188674426880746e-02,4.539587696938689187e-02,-6.642266357444506775e-02,4.162799658321806456e-02,7.563126381393018294e-01,3.959352687168097851e-01,-9.852827369222798282e-02,1.483295606170478287e-01,1.512721840978100696e-01
-4.538281835943501485e-02,5.539801015030504372e-01,-1.026010357958398976e-02,8.640408361345066311e-04,-2.954536435692817209e-01,4.691446161263714276e-01,-3.321789215522500532e-02,4.030550478334968822e-01,4.578356715669117949e-01,-1.706876534668371609e-02,-7.853530742402273224e-02,-4.109678818824397811e-02,-7.128172962225059507e-03,-4.269211250979191435e-02,1.808352792867710945e-02,-1.203054984663839456e-03,4.611465568529560591e-03,3.058797919350212530e-03,-9.100003380632617665e-05,-1.252326990084886476e-05
