3.225000933491189298e-02,6.507343172102797446e-01,-5.076603365644009047e-01,1.663447941920695727e-01,1.122175211951314672e-01,4.634074625341386700e-01,7.891399020485811988e-02,-1.199159248518517212e-02,2.268912530685094908e-01,6.742492196647291436e-02,1.591948324046613822e-02,-1.120366563085046889e-02
1.255930831826629519e-02,4.974175715348089222e-01,7.542720305284401627e-01,-2.565473096925059426e-01,-1.468423474717849009e-01,2.577195617313839393e-01,5.061809203614481972e-02,-8.762739697549291884e-02,-2.144742890608854202e-02,-4.138534382977371306e-02,1.161134125485469154e-01,6.162257896777547511e-02
-2.324919363256870274e-03,-1.033720731748863780e-01,-1.736793435345037051e-01,3.044969262773029872e-02,-9.506630406106216791e-01,1.564606390447297324e-01,-1.523631182954057056e-02,-1.550644907276037820e-01,2.664601008655422335e-02,3.890409809587560414e-02,-2.959603755576858605e-02,5.099369675253446338e-02
-2.676897379314389816e-04,-6.618419134210955235e-03,-4.977530460958959346e-03,-7.815912422171555907e-03,-8.571971200865177720e-02,-4.935371626298583119e-04,6.623034116363554213e-01,4.931657691728470461e-01,-2.929079969489054025e-01,4.508449931189369431e-01,1.433784775084522012e-01,-3.240636834642598996e-02
-1.437767772867269049e-03,-1.612566013502069254e-02,-2.309401552579927810e-02,5.130574518085737751e-02,8.297600174397318229e-02,-8.568975525088894096e-02,5.206963001432868277e-01,-7.490574498818717286e-01,-1.348709633988874612e-01,-3.924758871843749691e-02,-1.190074600947931688e-02,-3.609164084613674106e-01
-9.983974758349477563e-01,5.040406978836236424e-02,-1.758827598501058048e-02,-1.239021524114438354e-02,-2.354410623125907567e-03,-1.086061423825142487e-02,-2.677011537165951451e-03,8.295329321466732297e-04,-7.780221412087663831e-03,-2.432343255572488958e-03,-8.338913901673477734e-04,7.422188849694028815e-04
1.595611186911928200e-02,1.611436906213939424e-01,-1.221156409196168524e-01,1.120553309746306209e-01,-3.923937435786398024e-03,1.154934365730125867e-01,-1.761887270728916544e-01,2.241802538339068840e-02,-8.909483144041949743e-01,-2.997909271855518920e-01,-1.204299333213763590e-01,5.695131360691110811e-02
1.960950616519625215e-03,7.624287077530658707e-02,1.156268397468348391e-01,-3.079894378369732802e-02,-4.878452551236543526e-03,1.382520050321657534e-02,-3.005799264986806080e-02,5.293483715958637037e-02,2.170504502923585946e-02,2.835872378200886001e-01,-9.285660862676371474e-01,-1.811538460661075989e-01
2.472303801617377426e-03,2.545808565284488068e-01,2.368806225974065538e-01,8.348967621009462103e-01,-1.179819049590022650e-01,-3.981603688814304709e-01,-2.864077154355143193e-02,5.446112566626724882e-02,6.517958322913043612e-02,1.151773326543451166e-02,3.065674844008472316e-02,-2.142084851173356799e-02
3.090070651185866072e-04,9.556591018595886680e-03,5.105703253245955954e-03,1.497200911962212611e-02,7.409643684041627987e-02,1.784268868344814421e-02,-4.452292260555972825e-01,-2.963846598544416788e-01,-2.103308789401796552e-01,7.790035806419078890e-01,2.365687626627831497e-01,-2.695062597552120437e-02
6.021774998639753710e-04,1.489228311272008075e-02,2.073329271039524996e-02,-4.453450553286637109e-02,-9.323108608206027992e-02,6.844814652575656466e-02,-2.200765199459707167e-01,2.639101172215824742e-01,5.805140818409985047e-03,-1.006967163738338028e-01,1.755336767854699109e-01,-9.082508777115364529e-01
4.161878917465141464e-02,4.676383499808857147e-01,-2.397343376219130406e-01,-4.358597932816607456e-01,-1.403732992936437551e-01,-7.140225691197635838e-01,-4.209098052619265201e-02,8.325975445057899604e-03,-2.287771067680408402e-02,2.172563636371711588e-03,1.528320361958064241e-02,-6.221841091169990918e-04
