6.884450806679056693e-08,-1.719601138138515422e-06,-4.332545682963076863e-03,-2.647388594003240170e-02,9.950999121170653328e-02,-9.098853266141918028e-03,-1.206706809644736943e-02,6.242491081480492678e-03,2.812213974451898899e-02,-3.136282665772856248e-02,-1.426722815261488864e-01,-1.480167176528183505e-02,-9.657231302797342209e-01,-1.159616753545774370e-01,1.367386158383664119e-01,-8.032015523378597394e-03,-3.608447914347162524e-03,-4.329509099044560883e-02,-5.021959317241817336e-03,1.639608937000747472e-03,-4.007798430322058285e-03,3.279816975049928670e-04
1.959114716487193320e-01,-5.868002301074638494e-01,-6.057204639771559792e-04,-1.701070429247662644e-03,-6.924115551333754476e-03,-2.073498355092795731e-01,-1.068061364406396319e-01,1.804857291560630350e-01,-5.569132758946985229e-01,3.613468964178390141e-02,-9.522619651749948677e-02,3.655506519648232255e-01,-3.512987566973373166e-02,2.708309758971768066e-01,2.585981276292935102e-02,-9.473511127850015728e-03,-5.618426084794672301e-04,2.621522955205081440e-02,7.808157161903353169e-03,3.036898187098623601e-03,1.691879233884584525e-03,-5.899514822087675078e-04
2.968143230359041720e-07,-8.664351010920742134e-06,8.031636129746157204e-02,1.496378342042006260e-01,1.532355168044306215e-01,-3.578030085847986545e-03,-1.474540266432637766e-03,6.450263882379726754e-02,6.740773481735841399e-02,9.314470009830256858e-01,-2.489229244180703460e-01,-8.244158137243430551e-02,1.730687331536471391e-02,5.679111042280356007e-03,-3.481309078269489293e-02,5.644469527851173410e-03,-3.661252704522576385e-03,-3.136560307904671940e-02,-2.911949039473920274e-03,-1.762474573033268608e-03,3.834395960575205740e-03,2.338662806202759965e-03
5.167660454269563152e-07,-1.597347802148845874e-05,1.051979802461124741e-01,-5.658350821308009287e-02,-6.044776708465925824e-02,6.218527992215627104e-02,-4.022710204867450678e-01,7.744608525701024426e-02,1.871555502153261497e-01,-1.239536801178691139e-01,-4.482542285760288125e-01,1.709119419026557118e-01,9.181443881882778157e-02,-1.113584353791493148e-01,-7.078842662810919117e-02,-4.372181320957624351e-01,3.555343420596615012e-01,-2.637367251808996893e-01,-3.113830673614871314e-01,-9.726373891742018385e-02,6.219444771478391774e-03,1.021521964312676195e-01
3.248163829192302376e-06,-8.199523843899874634e-05,1.478728509148385106e-01,-1.127723019226448686e-01,-4.195733028158727534e-02,-7.296716924525085968e-02,5.501881530562164890e-01,5.754417799253366134e-02,-2.383666798656650793e-02,-5.164639154097254437e-02,-2.831939354174154433e-01,2.264886285182803327e-01,5.455940245789535348e-02,-3.101336492637341569e-01,-8.613513663957092503e-02,6.979664727523338108e-02,-2.857127175015559961e-02,-2.292904910515438863e-02,3.384886631739052187e-02,-4.608006058645094938e-02,6.005567555730881857e-01,2.021177463949060393e-01
6.074979185926319097e-06,-1.659126898921694539e-04,6.339902766112672783e-01,-2.263517286903193593e-01,-2.927826290618551833e-02,5.980711501330235325e-02,-9.276103235348120979e-02,8.574700545045621514e-02,6.173934808247081088e-03,3.552870389032224130e-02,1.916107407161686815e-01,-1.880571074499192124e-03,-2.809453883708101785e-02,-4.638045902280645526e-03,-1.184737924245453898e-02,-3.654091348112077919e-01,-2.007063502923260578e-02,-2.441230876819234369e-03,5.460743746821856703e-01,2.348550402450760577e-01,4.313624107715269490e-04,1.316102286685091015e-02
-4.184957683907492595e-04,3.207861376887581259e-03,1.231723784237763325e-01,4.834199891658028103e-01,-3.241114455375831982e-01,1.354857646427424234e-01,2.411992745440745892e-02,2.411630166233633479e-02,-9.432217028859912755e-02,1.729296505749125176e-02,1.912175306684668619e-02,6.598250148128290138e-02,5.802702676653691966e-02,-2.647189601825630234e-01,6.606693634112134061e-01,-1.285321600626877225e-01,7.886720810010711125e-02,2.788139327962182445e-01,-4.227307003690838200e-02,-1.201792297114924989e-02,1.163885286569355188e-03,-1.738804434844971186e-02
-8.845335737293291273e-08,2.868522654780142708e-06,-2.125099270626233314e-02,1.164727024668116978e-02,1.132118675020970730e-02,-1.176476522621752209e-02,7.541479917310749126e-02,3.715196473940495393e-03,-1.479151973406448058e-02,2.331545805068934232e-02,9.470487829598492335e-02,8.683418514217515830e-03,-1.982286772225603719e-02,9.496172970597606400e-03,-4.351438061231820142e-02,-1.484982949462654855e-01,1.911973370458756316e-01,-8.472622279523377153e-02,-1.504758430637238853e-02,-1.139142751575684676e-01,2.992338157940694909e-01,-9.015159766824187848e-01
-4.901520161070046112e-04,3.567894125599717099e-03,9.457175639827376801e-03,-4.750118815962742040e-03,-2.512872960721836916e-04,2.191990655757646567e-01,1.324950688075704208e-01,6.578178308539638364e-01,-2.432625123682906898e-01,-1.379444990090408774e-01,-2.057794303903113797e-01,-6.102217234065075990e-01,2.958728261184950109e-02,6.728684058779135779e-02,-9.587064120905710099e-03,-9.683877662177223233e-03,2.938751608401713594e-02,-2.476757223222577145e-02,-3.286989051859726813e-02,-1.506623821335912120e-02,-1.382615280949619531e-02,-7.885071534211644112e-03
-2.215992884544217040e-06,5.683543200876797232e-05,-1.520353755137187068e-01,6.370159321046138523e-02,-8.509258299401098111e-03,3.935506466062611841e-02,-2.392295906747039097e-02,6.851215189018846630e-01,4.292660479597166234e-01,4.555426140767542681e-02,3.017357631699455478e-01,4.495402986010362256e-01,-3.886912610564622478e-02,-5.875171506995542636e-02,-4.719319605539031709e-02,1.035824546799004736e-01,-2.342184454563182860e-02,1.012507806512551525e-02,3.469616616560017297e-02,1.098150228060524106e-02,-4.322248703028499367e-02,-2.009541977781644385e-03
-9.279198201189278183e-01,-3.698960299948558239e-01,-2.845503699328553494e-04,2.016317582473506711e-04,1.152678135390155384e-05,4.590198020381313151e-03,3.360810134885119232e-03,-8.195630664371062260e-03,3.002806508747566869e-02,-1.808616800404801118e-03,7.311461017775080888e-03,-2.408074158307299192e-02,2.640693152165466805e-03,-2.213868592287920531e-02,-1.306964516249769582e-03,7.094934644743626766e-04,7.632056315644599723e-05,-1.972706089737367129e-03,-7.052200026361749160e-04,-2.567863324929085898e-04,-1.192242791595726238e-04,5.369097776869203735e-05
4.685623841247481278e-07,-1.000130169386746377e-05,3.336570129141774865e-02,1.931621139212545413e-01,-6.696472494743396231e-01,3.852744492600777837e-02,6.347910073795946795e-02,-4.052376832313432653e-02,-6.698609861403247157e-02,8.515931461653855616e-02,1.133633440259414482e-01,-2.579876997245944201e-02,-9.754941613047367344e-02,5.878063330015804999e-02,-1.563209631723376236e-01,1.044678631182422296e-01,-1.211017528520516168e-01,-6.441349617665942384e-01,1.562951008221795043e-02,2.822678796258168074e-02,-3.359161670063835758e-02,2.587932605007101788e-02
1.952520064407538003e-01,-4.219819626903705823e-01,4.657923968997242266e-03,-1.000465883110465042e-03,-3.821820481861075425e-02,-5.557180044964384891e-01,-1.154054225353069590e-01,2.952154392323990198e-02,2.351138538673283318e-01,-9.749638212480836452e-03,1.477261287595123540e-01,-3.843407681587855396e-01,5.191214175343504544e-02,-4.791375506920831362e-01,-1.053492290224780116e-02,1.388717857816662571e-02,2.288894090972721628e-03,-3.883143474781883958e-02,-1.656124502079435110e-02,-5.702579381922833791e-03,-2.161866990198393901e-03,1.269521659303066586e-03
1.541621718930519898e-06,-4.138275865841093228e-05,2.871883733465469546e-01,6.350619506146347737e-01,5.589050033477247492e-01,-4.664316145381098427e-02,5.113474186918210568e-02,-1.012921907321141443e-02,-1.781681015071213611e-02,-2.195298073189417554e-01,3.619404053546595307e-02,4.109864241404944524e-02,4.497271853541903730e-02,8.566347394942367202e-03,-6.530711166557962022e-02,5.937401667346693668e-02,-7.177730824375731788e-02,-3.599080289079768513e-01,6.527518995873626134e-03,1.552227704507654765e-02,-1.919917531742299649e-02,1.474359560891286801e-02
4.395593084963292036e-07,-1.409163834072365292e-05,1.017766870308592919e-01,-5.592745927662644279e-02,-5.514766230439643868e-02,5.839879838759905184e-02,-3.735003084187594746e-01,2.362348315598043064e-02,1.185857922032815814e-01,-1.140530728169209529e-01,-4.401805308517004467e-01,5.088829145003462978e-02,9.493609930424332100e-02,-7.628708806205848625e-02,1.232411549314885446e-01,4.629980722467852972e-01,-3.652477000664528517e-01,1.941817776978356849e-04,8.563568390287475129e-02,3.881881868934958235e-01,8.989931274083425017e-02,-2.695972082014113647e-01
2.668363363596929022e-06,-6.716077785281629800e-05,1.184014765337808722e-01,-9.047337860499453377e-02,-3.319905629317623091e-02,-6.214766071550246324e-02,4.404743180599931529e-01,3.375881309228384933e-03,-3.596669451515644572e-02,-3.924611923519699674e-02,-2.572165138410586471e-01,1.823262546333087319e-01,4.598821984749369013e-02,-2.646058654367574592e-01,-1.226007345163142859e-01,-4.301546638996923966e-02,-5.198731132609350075e-02,2.944322105420202340e-02,-5.269306740292729885e-02,5.625884354022473582e-02,-7.206134972598677857e-01,-2.423996701032077872e-01
4.126756591074387920e-06,-1.115448472574753069e-04,4.028150425909156618e-01,-1.478316197827918010e-01,-1.905652827406667527e-02,2.658333518095070888e-02,-3.086627138187855376e-02,-3.507761461063847990e-03,-1.447880580739809887e-02,2.044982456791514039e-02,9.634023121306918569e-02,5.737796860468965046e-03,-1.405380264046301834e-02,2.350035980257509857e-02,7.110240347710528042e-02,6.164441587723512583e-01,6.140713569423639218e-01,-1.617538041374195698e-02,-6.379679831867041129e-02,-1.698805768109393488e-01,-8.672532341916032450e-02,1.743744944263382612e-02
5.525760000315661563e-04,-4.177260378906566193e-03,1.761658533143466154e-01,4.091757502465357965e-01,-2.894552058335954081e-01,-1.319596873169692763e-01,-3.640970041350290176e-02,-1.454511525636636646e-02,1.581705664444267578e-01,-9.360843905832778866e-02,-1.624741266998279143e-01,-5.250024185513628427e-02,-1.339935896181497221e-01,2.149975008252699160e-01,-5.385662840100187143e-01,9.841069027502858529e-03,6.825608558805376647e-02,5.230108297102363801e-01,2.640300664185479471e-02,-2.362669603245732067e-02,4.304923986013303727e-02,-1.473300550469134468e-02
1.631075809340749981e-07,-5.300203203408830999e-06,3.961838777555944796e-02,-2.178219054678094332e-02,-2.140231814032594534e-02,2.290605059496780491e-02,-1.449594417599547602e-01,1.016275923511316195e-02,4.631130238956002176e-02,-4.348237751131077411e-02,-1.654788399785688813e-01,2.196813603204223614e-02,3.670477100518562685e-02,-3.171452038041405741e-02,5.515624928401129806e-02,6.397639709180116818e-02,-2.847580224259169679e-01,-1.930053562716822074e-02,3.730300012446169378e-01,-8.407570654364667773e-01,-7.739471867791375415e-02,-3.152301838736963624e-02
1.227718454372071040e-03,-9.268252276088745009e-03,8.086385788666576591e-02,-5.939738851472707581e-02,-5.059432513366669132e-02,-3.951586665115289776e-01,2.807555369297987657e-01,2.590523352321865910e-02,4.024157043573930448e-01,-6.878942146566111027e-02,-1.877050117591525513e-01,-6.596359158515349708e-02,3.038404456097744746e-02,6.002540901937513107e-01,4.107093313814015323e-01,-6.970849821867965146e-02,1.322531032363944261e-03,-9.967389564646199351e-02,-4.821372937407030455e-03,1.101586057494903861e-02,-2.255569270493826967e-02,-5.131972468095496662e-03
4.553082521125490569e-06,-1.236699768601274543e-04,4.587051919363427932e-01,-1.631528862676996650e-01,-1.428097073024710457e-02,3.509313802473517513e-02,-3.076073158566071733e-02,4.544962436300382241e-02,-6.650498782657841661e-03,4.738489702118583308e-02,2.315818991004276739e-01,-4.836264283747233016e-03,-4.128220115000272306e-02,5.581178143754294413e-02,-3.344829182994737103e-03,-3.099527902225471948e-02,-4.575990395342163231e-01,9.898186183260479498e-02,-6.668399679879177810e-01,-1.686358104879913666e-01,5.400824873922863839e-02,-3.955184138555708356e-02
2.499158429687324823e-01,-5.836498931277189772e-01,-4.820049269394220334e-03,3.060738150722531158e-03,3.567471811857333974e-02,6.166421997581277292e-01,1.853617089888754954e-01,-1.937409192276202952e-01,3.614167726508810685e-01,-2.712115808250564752e-02,-1.270830857184362256e-02,-7.634212247343384605e-02,-2.912005800015208222e-03,7.609970573628538348e-02,-1.663133975907312920e-02,-7.033458578726141689e-04,-1.031911333407341605e-03,2.217142985224684892e-03,4.030088406892213745e-03,1.069770845044248171e-03,-8.938788523639371313e-05,-3.169382563503413521e-04
