6.689375674766539956e-08,1.613528803183795001e-06,-2.904057712705653861e-03,2.475322292013638903e-02,-9.068293395315263350e-02,7.281075087502275958e-03,1.373766848341911699e-02,5.115509140719774230e-03,3.090899773364802830e-02,2.034168616471071153e-02,6.549908173108553999e-02,2.723996667260466728e-02,9.794915985362896427e-01,8.868665970941348731e-02,-1.223245731701193967e-01,1.961962684959472555e-02,-1.481305976102865150e-02,-1.544779098575467698e-03,2.586178714462120456e-02,3.038532294296826183e-02,-7.399946919271347540e-03,4.792545447651265392e-04
1.990710263386651357e-01,5.876268437317223592e-01,-6.246546280465653696e-04,1.273381612430318560e-03,5.760607663002413441e-03,1.950041788688302857e-01,8.051225769330210003e-02,1.921279930395070612e-01,-5.400664755508109982e-01,8.346369982212527294e-02,3.281430626888805907e-02,-3.771780325316135829e-01,4.611271092038557451e-02,-2.975072393480682753e-01,-1.781311527149403301e-02,5.230564660447126722e-03,-1.446273736516707521e-03,-7.391119975944723362e-06,-1.978490060520483179e-02,-1.475527913291363805e-02,3.120832483184363213e-03,-5.250913210900882110e-03
2.361675073073727842e-07,7.801995349439231448e-06,7.663433651380827105e-02,-1.442045817643852201e-01,-1.490770546310722922e-01,-4.296284490193341687e-03,-1.375998496562824691e-02,7.868462346149204811e-02,-7.766800744242838284e-02,-8.800696131813218193e-01,3.978249385738300004e-01,-2.530768909728137520e-02,-1.021239759025979049e-02,2.343764000882330150e-03,4.824498290888868529e-02,-3.072247308607392244e-02,1.417200310762689076e-02,2.787499712160290515e-03,3.376773738306106803e-02,2.228826323482025265e-02,1.162978345812998521e-03,-4.577022283750231679e-03
9.560064404988417362e-07,2.930502670325757064e-05,1.665220526894423958e-01,8.508326804289796652e-02,9.360156270657116195e-02,-1.167652147610944019e-01,6.062906340512841386e-01,8.522006678447581474e-02,2.232960714563035631e-01,1.420797667186639301e-01,3.866108474946618467e-01,-2.490202728304916346e-01,-5.237235263837915211e-02,1.221467314666757620e-01,-8.669204696425500400e-03,8.243728473215794494e-02,-3.414824548926025383e-01,-8.269488949066146344e-02,2.308256498834740378e-01,-1.512755205615017862e-01,-2.488901576616324440e-01,1.283386929127334694e-02
3.091677093530958577e-06,7.831894815003736967e-05,1.419506569184367240e-01,8.793537009280273653e-02,3.029462029656702221e-02,8.945356083259042856e-02,-4.688372214309146080e-01,1.377993387658159362e-03,4.879649410055170861e-02,1.639109457433293449e-01,3.221363854469369015e-01,-3.150241211563729049e-01,-2.375660578908920031e-02,3.244130157856365826e-01,1.171570603897514190e-01,-9.944889589322558621e-02,-1.108207519933911318e-02,1.808963539224226272e-02,-2.743052033244078314e-02,2.700277346102598897e-02,-3.142399525175841590e-02,-6.154545884008136847e-01
6.026917172285682915e-06,1.652990349051464180e-04,5.847482202267848539e-01,1.623062843641473463e-01,1.875354547571856517e-02,-3.440987510309581610e-02,-7.186880846280452317e-02,1.264220123602395329e-01,2.405582574503339292e-03,-9.686523377496980558e-02,-2.530241893196005232e-01,-1.112893351434571416e-02,2.521704577993131094e-02,5.093528599335282736e-04,1.783318403085455417e-01,6.165370568179220356e-01,-9.521020510572615614e-02,-4.922127460276942701e-02,-2.166272933310009197e-01,2.334528045847599764e-01,-9.898003848682737638e-02,1.550206996425359043e-02
-3.940269265767583655e-04,-2.979616202784671469e-03,8.679937337541826503e-02,-5.064649542985545372e-01,3.116613488316989367e-01,-1.219855889644571173e-01,-6.488049397658247897e-02,2.346545941123279536e-02,-1.012562362915864766e-01,-1.992029365970375901e-02,-3.856412100618006322e-02,-8.086224711884125449e-02,-3.858873699244504130e-02,2.545912504633631723e-01,-6.200054351962720478e-01,1.536951936212364866e-01,-5.643832292930367478e-02,5.142840197339721038e-03,-2.787332385397693346e-01,-2.117773601504356340e-01,-2.030279252550988914e-02,7.799517637243882830e-04
-1.206750083859661427e-07,-3.777529997128337893e-06,-2.264520595896193575e-02,-1.164517826128730685e-02,-1.214438320103240418e-02,1.506949956849837347e-02,-7.910293886288319309e-02,1.334836699818691330e-03,-1.425752681186056268e-02,-2.115988916648842838e-02,-6.177510592059032996e-02,4.722571124536101977e-03,8.526524814258402626e-03,-9.545071531281439439e-03,4.134037200233881687e-02,2.837063682349127286e-02,-7.620980691703953258e-02,8.908853228190627416e-01,7.297739457972221566e-02,-9.328637641101529543e-02,-4.114267822128936936e-01,5.259372341352418906e-02
-4.672534547873123494e-04,-3.341410084259280495e-03,5.082435670490827520e-03,-2.176638785704708434e-04,-1.971086334481766001e-03,-2.232084308322236643e-01,-1.386616681839911158e-01,6.429896448029351896e-01,-1.823668980205961909e-01,2.289180269708899484e-01,3.689637915532680834e-01,5.396250666724305978e-01,-3.731988520353576866e-02,-3.090993482032582118e-02,-8.609352909232381463e-04,3.348317851378183885e-02,6.911535631234078797e-03,8.561169441861348275e-03,1.344166270239729490e-02,1.292639786732678250e-02,-1.294473504441402516e-02,1.941663332286486243e-02
-2.455638880510971194e-06,-6.335327063623004840e-05,-1.665554717408092023e-01,-5.844542888244529111e-02,-1.478957093833557605e-04,-3.909334738073735882e-02,-7.087341423563012222e-02,6.775997542670246787e-01,4.182469485300597256e-01,-1.318738539571135682e-01,-3.771954468516264258e-01,-3.750771187490111735e-01,2.791059026578062569e-02,2.796642460127817323e-02,3.071611608137712543e-02,-1.175836428244708964e-01,4.261777339288536082e-02,-1.779154025935154523e-02,7.142204749583482004e-02,-4.168375592754090114e-02,4.372150423541072695e-02,2.562434535008111663e-02
-9.261961871185383499e-01,3.741485087742451032e-01,-2.972139825490272762e-04,-1.503080761477840806e-04,-1.283801188203054598e-05,-4.063009727850835397e-03,-2.103124243339879983e-03,-8.547560015115054227e-03,2.898632980453910712e-02,-5.205000350461502258e-03,-3.253722073455125787e-03,2.479396556958902639e-02,-3.293300443053168679e-03,2.390674232213229125e-02,8.765598134370683079e-04,-3.913005165123395425e-04,4.708401557023931698e-05,-2.055218840786275929e-05,1.446005358355047666e-03,1.071979318096719785e-03,-2.664037158094079670e-04,4.161763116011544194e-04
5.081577624717161954e-07,1.118051334013857506e-05,2.543551420306632352e-02,-2.008740173392849493e-01,6.734737556633724198e-01,-3.013776917684307666e-02,-7.444344403502856089e-02,-3.715582121657845516e-02,-7.185136376282917625e-02,-6.116263112921786760e-02,-5.210614578809704550e-02,3.511077637231926202e-02,6.652779724443294573e-02,-4.262738871269947105e-02,1.145184073603654762e-01,-6.871368915134264121e-02,-2.495257540374637775e-02,-1.869754746132811299e-02,4.990355331163897623e-01,4.579706905350822699e-01,-3.037475285027763788e-02,2.498836778001918904e-03
1.965400256918117539e-01,4.191022391120884372e-01,4.266662480086111549e-03,3.971808830504374214e-04,3.337744734398633006e-02,5.572262833596037801e-01,1.325355896073209805e-01,5.252962413643828821e-02,2.033209810181188237e-01,-6.820712458883826379e-02,-8.377437268748214039e-02,3.831461129384601816e-01,-5.894471471920853523e-02,4.991651348320125803e-01,5.775233768480999598e-03,-7.501674344604112449e-03,-5.447974456078584146e-04,-8.860256450516425545e-04,2.692942901642226758e-02,1.981073753075182978e-02,-5.879966988229649513e-03,8.530122403916859386e-03
1.472061882026141619e-06,4.024987653391540388e-05,2.404884935535993029e-01,-6.460751369986126313e-01,-5.663007139165251447e-01,3.592901259028671856e-02,1.488148367900930802e-02,-2.348800792490942507e-02,3.070726109738650469e-02,2.224574728610211605e-01,-3.741138552932868344e-02,-3.080779602048779389e-02,-4.723460272916322339e-02,-2.049654476804352657e-03,4.485825999564863054e-02,-3.283211598625661309e-02,-1.472803249113191146e-02,-1.135923631116090779e-02,2.742447164477242461e-01,2.607813330158176846e-01,-1.792920453494305927e-02,1.635724763035839666e-03
5.375226897328160321e-07,1.676436282167068797e-05,9.994788318973282792e-02,5.115027367985101880e-02,5.461336629254539415e-02,-6.907469523271354828e-02,3.502290806567022741e-01,4.656215860020591901e-02,1.175969359790590418e-01,7.713020033375303508e-02,1.955666156070607897e-01,-1.217050583158705429e-01,-2.988339283081280218e-02,6.458511783440208653e-02,-1.012514246715505717e-01,-7.563481235780924669e-03,4.010741227602392378e-01,3.888572372787872933e-01,-2.098920332442565650e-01,3.879607501742485809e-01,5.091277798433463397e-01,-2.742522939110605615e-02
2.528349041140216054e-06,6.371224537522171723e-05,1.110098967832866823e-01,6.910583541555585796e-02,2.329883439447756263e-02,7.487505071527036926e-02,-3.623260725312068553e-01,-4.071388396487026634e-02,2.530429078762811215e-02,1.271360705096263588e-01,2.702136752689625609e-01,-2.545763252791470310e-01,-1.899279583322082895e-02,2.454131310827453727e-01,8.495365951357422563e-02,-5.971450780797673413e-02,1.782561134026428365e-02,-1.846506779503442539e-02,-7.359994862770342493e-04,4.446647922540771175e-04,6.747699028487094686e-02,7.826889383566503211e-01
4.900462974618056725e-06,1.339039705824380372e-04,4.667063243657242344e-01,1.349632604606095798e-01,2.039741120391223156e-02,-2.567718228918101225e-02,-1.006533794364161682e-02,-9.957580657759311591e-04,-4.419088868452233920e-02,-1.863501854404207500e-02,-1.008036088449602991e-01,4.343432906318889924e-02,3.596708145178726355e-03,-1.226956355976272645e-02,-1.365691447079840359e-01,-5.345058167832361651e-02,5.399840953707343294e-01,-1.401980090738612524e-03,4.604223366750593849e-01,-4.685445599935233463e-01,5.308086599002549699e-02,-2.911616499612327061e-02
5.395909728267667908e-04,4.039231617328587452e-03,1.502483359910636584e-01,-4.159238260686787814e-01,2.823432146339468485e-01,1.267031360255742589e-01,7.516873172678942283e-02,-1.529288165477013170e-02,1.747587819558904798e-01,7.328723145081032786e-02,1.081826734506377147e-01,6.286277177147471529e-02,1.341052662295053877e-01,-2.330894341443884576e-01,5.608624456274068359e-01,-8.842032053335753539e-02,9.669753222690127825e-02,1.922630262558116740e-02,-3.357283274355070124e-01,-3.605199551396231494e-01,6.378153085436866210e-02,-4.208213846020566681e-03
1.717869855902163694e-07,5.297767879908574516e-06,3.054313930005128283e-02,1.557251109239222303e-02,1.620586033883244029e-02,-2.047193457467691782e-02,1.017409615873689638e-01,1.719678951795937036e-02,3.542104974511948307e-02,1.925397576245758968e-02,3.664922699075996021e-02,-3.014309686172479685e-02,-5.219909198540683033e-03,2.245862831862034930e-03,-6.066991813907827991e-02,-2.468936727241958506e-01,4.934145560802045138e-01,-2.022626041150034637e-01,-2.844300336858343603e-01,2.741206500189061757e-01,-6.901650620484938159e-01,4.701811736584677465e-02
1.229409199521668819e-03,9.185084948497375737e-03,7.737281164366428821e-02,4.578608550161009094e-02,4.099644941630176120e-02,4.066462455903778195e-01,-2.047473887795483727e-01,-9.224970016747520776e-03,4.414881073327682204e-01,3.857227733154917904e-02,2.454488760955494675e-01,4.548232424153993148e-02,-3.379614141348474127e-02,-5.812702300723822102e-01,-4.036808466599114964e-01,1.099477013947612603e-01,-5.055097394919543657e-02,-7.078537636490365981e-05,3.351902114490526441e-02,7.417788229777599884e-02,-2.847429442322268328e-02,-3.648959150786642517e-03
4.906369019892905395e-06,1.351217313663971684e-04,4.902580464606088873e-01,1.360556457996717761e-01,1.650966612455218030e-02,-3.953837999917611534e-02,2.003556290442450732e-02,4.397577650220548667e-02,-4.271619074024584489e-02,-4.918499959311579267e-02,-1.697916610874267429e-01,1.015672687703164517e-01,1.087493915187454085e-02,-6.765472782931875040e-02,-1.307078304014445136e-01,-6.850303906556167721e-01,-3.923707589366061677e-01,5.473590244616458739e-02,-1.810638776555861251e-01,7.737810898862333697e-02,7.982218594596952876e-02,2.086332269395594144e-02
2.527868498203219016e-01,5.821856182165039417e-01,-4.506042003441099002e-03,-1.994638312308467682e-03,-3.085434068762984636e-02,-6.045436103306230935e-01,-1.736700679995108465e-01,-2.221556011070892345e-01,3.704175073343443092e-01,-3.172232709971421066e-02,2.656731911702477772e-02,9.049752434253804934e-02,-2.802357374916554077e-03,-6.255688951602925152e-02,1.254619573113339992e-02,2.357192376019683576e-04,1.699266424917863106e-03,6.026216837053571026e-04,8.329802121171626310e-05,2.457304267590363603e-04,1.084849413489624194e-03,-9.085776775467629832e-04
