-8.963620267158526418e-07,-3.563569801740168496e-05,1.032795618065329366e-02,-6.646519843511945747e-02,3.943124003716322497e-03,-2.357565664104346592e-01,-3.447500842390097825e-02,-4.178709195907595597e-02,-4.877001831709875529e-02,-3.544633504054012230e-02,2.716562588323162553e-02,1.163375283828616165e-02,1.425419240352759354e-01,-6.943251164216522608e-02,-1.319406076822158191e-03,-1.030096612223963849e-02,4.911361785428192822e-02,-1.606942096844226064e-01,-2.503480907528559118e-01,9.031147135105288548e-01,2.242326960509169465e-02,-1.269591438071342171e-02
-1.396144058516005371e-01,-6.579584402900282569e-01,7.582710223008660468e-03,-3.125360198212019658e-02,-3.185632484290658040e-01,1.793755686033348534e-02,-3.584530955705220873e-02,-3.212778861460554580e-01,5.113498498103016265e-01,-2.472685660501745264e-01,3.016622601770353740e-02,-5.319896932963449725e-03,2.768772092250498806e-02,-5.237223624461067456e-02,-3.529291947023352363e-04,7.456454868673554476e-03,2.825871243056957832e-02,6.858341232514914010e-02,7.367826683472662730e-02,2.703168451383844428e-02,2.584512019783416839e-02,2.832401674960925014e-02
-5.954544716252974347e-06,-2.398706772454324153e-04,2.018469783719220589e-01,-3.919625048630814290e-01,8.729860983688725318e-02,2.764683373121044618e-01,-3.126723651048938374e-02,-1.047636321481788119e-01,-7.633634832965152661e-02,-2.729337706678784323e-02,8.531306362787070829e-02,4.070607348603193232e-02,5.377378463502946460e-02,-5.395256647143677198e-02,8.029698336646679327e-03,-1.935494808414855647e-02,1.044102067933971312e-01,-1.910302124568458437e-01,-1.952597477559553096e-01,-7.505686411606660169e-02,2.087302215970204544e-01,7.437358315574164047e-01
-2.994479289372967267e-06,-1.181556860893023781e-04,1.559540826519040246e-01,1.032444940031402580e-01,-1.023840557110716407e-02,-7.143815352834236021e-02,4.641829838278989095e-01,-1.474796527069582308e-01,1.190697888962992911e-02,1.928886693091794169e-01,8.659001434702383315e-02,-5.500399656486538724e-01,-4.576071374514626908e-03,-2.964492534644818100e-01,9.326379693581795388e-03,-7.694466809652898698e-02,-1.748711485042068192e-01,3.280046970602095713e-01,-3.722665826380818221e-01,-4.709907602202721005e-02,1.215298984829741788e-02,4.667933134865580314e-02
-2.088948065919946599e-06,-8.281140906105448308e-05,1.348662036557910227e-01,1.018430740466216289e-01,-3.716279668946408533e-03,-2.329635090911628958e-02,-3.996095816779944299e-01,2.203495388676700306e-01,4.670992389916850396e-02,-1.629204335568966155e-01,-3.540297176615357366e-01,-3.156942298553031545e-01,-1.374661002567137240e-02,-2.323019328670593020e-01,6.076516940624736574e-01,8.885737661259622555e-02,-2.372499098198371237e-01,-1.079468217169448768e-01,1.521164375343178089e-02,-1.104520995606649014e-02,7.097247840517828532e-02,6.554507527601045880e-02
-7.908265650980650558e-06,-3.227473865685378867e-04,5.265900597685928552e-01,1.962351120092012680e-01,2.362426665719877250e-02,-1.711968268139130167e-02,-2.518305974804885272e-01,-6.427063658241656541e-02,3.763785969653619945e-02,1.724404402920693691e-01,2.022890059780571292e-01,2.356174666167113463e-01,-9.913494396812663756e-02,-1.153431924042350593e-01,-3.038217104435064764e-02,2.564096030478102417e-01,-5.084335340649955709e-02,1.359467484249264890e-01,-4.621709392684535816e-02,3.137304494575614972e-02,-5.987278605722604619e-01,1.254696428988285040e-01
1.044483659070664927e-03,1.228960766628724166e-02,-1.298160090214421636e-02,-2.393740192312580062e-01,2.000456829694845229e-01,-3.161576293718330044e-01,-2.079282279934727973e-01,-5.212679280975562879e-01,-2.884130668781924034e-01,-1.226946968274227612e-01,-4.418705296288941847e-02,-1.655275179973534350e-01,-5.309089343061360600e-01,4.137995378332821189e-02,1.895453807943293717e-03,2.330752383717322671e-02,4.328175180249815152e-02,1.797651382178946378e-01,1.968890348576810556e-01,2.028750266608118219e-02,4.799654378150469691e-02,-8.389259236006222850e-03
3.172766338264303219e-04,3.360118259322582984e-03,-2.667313481078651197e-02,-6.202864723391086389e-03,5.931447776213982087e-02,7.549288868393495486e-03,-1.102904211833327375e-01,-1.676459617867068208e-01,6.429968474971418935e-02,-1.710695709351179872e-01,1.666046327291003937e-01,-1.490703750977795117e-01,-1.382606156581678014e-01,2.628144648094066227e-01,4.394111799710152290e-03,-5.010605993488991688e-02,-7.579180075377706105e-02,-5.445215825198213011e-01,-5.669395192901168778e-01,-2.240223186905946073e-01,-1.962088112103453352e-01,-2.625760314667804907e-01
3.642687905214416042e-04,4.178973795683398398e-03,-1.524137451462216413e-03,1.539562296770141409e-03,6.386730995954421897e-02,-9.986219369999181639e-03,-1.200943130940970299e-01,-2.233539832278679804e-01,1.735346314670207502e-01,4.566313199246445076e-01,-6.129084458614443287e-01,-1.399945050326628082e-01,1.996069647361409238e-01,3.312518100279703837e-01,-3.630912701511815333e-02,-1.370127276571094996e-02,3.254046717117148879e-01,5.057807249406080785e-02,-1.231635337852781259e-01,-1.496743235597438812e-02,-1.399081599773725204e-01,5.582971176651520262e-02
4.261443324460069766e-06,1.674326785730579248e-04,-2.205590745847696710e-01,-1.297341098784229596e-01,9.892526570377006487e-03,4.943826565495697267e-02,-4.156034150490794943e-01,-5.684926381935767603e-02,1.938454663202436590e-01,6.263403839470969015e-01,4.180822968891373947e-01,-1.599417880894715982e-01,2.253354720631168054e-02,-1.643872701263651703e-01,-9.087409407395351246e-03,-8.982290230278225374e-02,-1.515346195912097016e-01,-1.160012554686217640e-01,1.414988360497283215e-01,1.626370267815834686e-02,1.636248453986677842e-01,-8.130154243929596514e-02
9.638924779518251995e-01,-2.613564489042531358e-01,-1.526722125588874475e-03,2.714923612245049959e-03,1.904108681830448888e-02,-5.475543007815879054e-04,1.084414207273312570e-03,1.757565628372267236e-02,-3.896261601967451749e-02,1.725001904139671777e-02,-3.284015993286008937e-03,1.511399455138784593e-04,-1.837968717055641580e-03,4.219037353223572054e-03,1.343999365485856204e-05,-5.035758339693314481e-04,-3.564726988341381225e-03,-4.845184460388752071e-03,-5.037316961423347200e-03,-1.925871463908500380e-03,-2.083074510916361165e-03,-1.989775421881221848e-03
-3.182357358452499739e-06,-1.237750344396452409e-04,3.009424096079203054e-02,-1.886152410421012005e-01,7.164450423039657283e-03,-6.668703606889733182e-01,-8.504436293153699866e-02,-6.598136360557789459e-02,-1.018020264329067559e-01,-8.234484252416134076e-02,8.099981992424305777e-02,7.614061074535088958e-02,5.851959015239640571e-01,-1.664531676129357152e-01,-3.622656689042806459e-03,-1.777821091257884671e-03,3.683372981319603390e-02,-3.234857255257014841e-02,-1.122330791111644625e-02,-3.218474417694014988e-01,-3.642399573774619120e-02,6.606633626366315362e-03
-1.327903406396193364e-01,-4.000784682165316464e-01,1.596973691095059447e-02,-4.564075686941040239e-02,-5.200801128805051521e-01,3.883585956673739348e-02,-4.144657340836042925e-02,8.504486290141309579e-02,-6.622696244110742869e-01,2.483091809962453544e-01,-8.314825285608175298e-02,-3.954183823410268792e-03,-2.558494978326703376e-02,8.018306302007645325e-02,-7.951128307855916068e-05,-7.432178817866759782e-03,-9.769521831578115156e-02,-7.699011020825399787e-02,-7.562196740938434414e-02,-3.094627408338922192e-02,-3.968702668350061746e-02,-3.120356914226474557e-02
-9.645904962902439328e-06,-3.829298249174948872e-04,2.778276931006408157e-01,-5.937063550780469212e-01,1.214537266679814043e-01,4.098482161280405656e-01,1.169308342985790443e-02,-4.262990911395623389e-02,-6.895707406627904490e-02,-9.491245428159063302e-02,-6.482285866902887106e-02,-1.136112603523043857e-01,2.567559222279843789e-01,-1.103568452354891510e-01,-7.009320945904944956e-03,1.683843566311954074e-02,-3.236248836018891517e-02,9.206355268723656615e-02,1.085994221998215215e-01,5.048408329294066382e-02,-1.519253356951738299e-01,-4.789458192008677617e-01
-2.400138507675244641e-06,-9.489602040004158111e-05,1.284438688556640284e-01,8.601232142334713782e-02,-8.108451770576506276e-03,-5.620838476147558410e-02,3.709579996346629716e-01,-1.105409167292831646e-01,-8.051431236612139122e-03,9.405288900451824752e-02,-4.382401300216567062e-03,-2.956718130726821991e-01,1.593881545059664881e-02,-6.034054888711209985e-02,-3.687357011709016530e-02,3.023813793279023776e-01,8.059886780172700882e-02,-5.948084719110311447e-01,5.008630208016250362e-01,3.511083193427899651e-02,-1.190307579117158981e-01,5.874219313092644834e-02
-1.669342880574263943e-06,-6.576460720147841760e-05,1.023607854012396068e-01,7.739280986644919702e-02,-3.472080194955743607e-03,-1.797139330252543396e-02,-2.927591199536207500e-01,1.775116766694441461e-01,2.583663123976812775e-02,-1.597045401126742092e-01,-2.637425417705205888e-01,-2.256284656342145700e-01,-2.979901335432444051e-02,-1.950079070270853976e-01,-7.874570107552714138e-01,-4.760131045053244553e-02,-2.080508423120665529e-01,-8.084344711099819558e-02,5.738498383269139379e-03,-1.154496583217480381e-02,6.979023004472427461e-02,5.665410404763433772e-02
-7.284470371579288032e-06,-2.959602698514335220e-04,4.732593692913686922e-01,1.958921457316487036e-01,1.441000457780621316e-02,-3.719889354802566328e-02,7.092581732518980081e-03,-7.938597382851286799e-02,-2.138768403073700725e-02,2.212623476190747965e-02,2.385521483757765265e-02,5.296808870629379773e-02,3.214118762681969846e-03,6.821262669107698573e-02,7.104994292607205719e-02,-8.002812375245100807e-01,4.737250843940550571e-02,-1.377847341606523446e-01,2.002413669397060947e-01,1.493888204974313724e-02,9.827524336914117420e-02,-6.338911403246065557e-02
-1.256010830463584731e-03,-1.523931026640326300e-02,2.193912316426461506e-01,-4.778306314362670282e-01,-1.391396322239381034e-01,-3.709520679483755967e-01,1.827242331913553897e-01,4.578322306202308178e-01,3.141083851547174510e-01,1.711397008511458540e-01,-6.420328328643792881e-02,3.913865257170393713e-02,-3.665787819094404321e-01,2.088726344423344483e-01,4.235504181261629149e-03,-1.065079597672815605e-02,-1.037144739775589658e-01,-1.917049411630498273e-02,-1.914882958544055977e-02,-9.866648995442364387e-03,8.750812718851670691e-05,3.691060703245225855e-03
-5.065285282958923970e-04,-5.891723412054500515e-03,6.018929947439539269e-03,-1.205815912504163909e-02,-7.152306186318588277e-02,-5.209416121395851404e-03,1.177136040491254948e-02,5.327800047065415351e-02,1.711455931979008471e-02,9.595086756950568785e-02,-1.352490708268119790e-01,1.965979671340301882e-01,-2.736409019421381927e-01,-6.296205276181775501e-01,1.953217943700253072e-03,-8.766991442705995147e-03,5.740595913139238116e-01,-1.551367641143765186e-01,-1.849210202903498745e-01,-1.135000452567748730e-01,9.110640348859419535e-02,-2.117753071862233660e-01
-7.278541979600984015e-04,-8.404407505667963255e-03,6.997026910345333084e-02,3.883871911963646117e-02,-1.121795735503469671e-01,-2.441285183941130626e-03,-2.086504742502705012e-01,3.172763120688866789e-01,-4.855328030117094656e-02,-1.757474830351813400e-01,3.499253525748908245e-01,-4.859347844523417836e-01,3.973919085381837774e-02,2.262336384031334302e-01,-1.735202091592560891e-02,1.822565386190758488e-02,5.955762024722492942e-01,1.730245075391648457e-01,5.205790698356339147e-02,2.071317318173391403e-02,-5.206743955701659959e-02,3.189652325988547032e-02
-6.855150429455488254e-06,-2.797327717331822257e-04,4.545829031417758515e-01,1.734264867903532459e-01,1.827481895056860470e-02,-2.329064878756210641e-02,-4.707148145588028326e-02,-9.363612289602736560e-02,-5.561186512015539422e-03,8.156090544935379327e-02,6.426664284356692347e-02,9.711133516637568408e-02,5.903374660848263733e-02,2.072001463531362719e-01,-3.711652395327835752e-02,4.166155012328637275e-01,1.366374171463650630e-02,2.805620453206333562e-02,-1.037450101499718252e-01,-3.803537771815212326e-02,6.623829292055112283e-01,-2.405744394282713916e-01
-1.837991988799861920e-01,-5.815520544725470975e-01,-2.731172284783863619e-02,7.274629929788488381e-02,7.205299826354553128e-01,-4.381054024526159774e-02,6.079394626070532687e-02,2.665609000636486869e-01,-1.174542540324258200e-01,9.807653360434973044e-02,1.818526489652792441e-02,7.332225295913155465e-03,-1.196756194050164340e-02,4.746352561856806429e-03,3.772155040837827712e-04,-2.892080300431920225e-03,2.795091357268915735e-02,-2.182401949334056290e-02,-2.741530231751272695e-02,-8.276772722274006178e-03,-2.269455629006995011e-03,-9.361915915292392393e-03
