8.862570889206299141e-07,3.477915631850784112e-05,-7.644304113093995309e-03,6.490845272646732222e-02,-3.643904874122525124e-03,2.209718153865807833e-01,-2.375548624890459065e-02,-4.587806189675702750e-02,4.082190524069658627e-02,-2.686436445254073921e-02,-2.554516198929487891e-02,-2.606457525890110496e-02,-1.263994665089732683e-01,-7.736846813790759780e-02,5.559167498502833038e-02,2.016037001533067807e-02,9.079672414060707686e-01,6.290049989484678902e-03,-2.975548883614868023e-01,2.050796080566125515e-03,-4.328019051088771024e-02,1.332394649502015478e-02
1.417752729341141271e-01,6.594909166830673630e-01,-7.089042476093564138e-03,3.155230711118598569e-02,3.197036661880801045e-01,-1.878524880763541779e-02,-1.544920946057347019e-02,-2.467490908504612612e-01,-5.145041773501471960e-01,-3.123505745429764890e-01,-3.162475979568614426e-02,9.565964192123124418e-03,-2.169163067432185524e-02,-5.677727186072752119e-02,3.694613659926308108e-02,-2.000516815877613833e-02,2.831294520439459061e-02,-1.310012962925595536e-03,1.006660791913055741e-01,2.503252917241884524e-04,1.962006384295562206e-02,-9.386598504656304062e-03
5.512423345558372829e-06,2.214747137518385442e-04,-1.707789580420894515e-01,3.768421647709426781e-01,-8.060692231847441103e-02,-2.704724507875614359e-01,-3.071223035954738848e-02,-8.931241108527869510e-02,5.762236092474239124e-02,-2.719130891201008635e-02,-6.476914147665636945e-02,3.258005592045942235e-03,-1.147893883815017529e-02,-1.279921534732302579e-01,1.130709451294063805e-01,-8.073819380145469404e-01,-4.745553552938038683e-02,4.505583207851569794e-03,-2.150610870687080789e-01,4.982031958873530536e-03,-4.696379612471214549e-02,-8.242744663062066823e-03
2.964845781537692622e-06,1.174987571414165717e-04,-1.508682660630325245e-01,-9.141805158324613212e-02,6.407602131187235643e-03,6.453609733240261992e-02,4.618442440721594600e-01,-9.127160549806807854e-02,-2.888939701443252531e-02,1.390832239959045591e-01,-2.275943789446853716e-01,5.672354480831396373e-01,-2.831906695423414347e-02,-1.622175202409497641e-01,-1.496934104761666329e-01,2.728334342031749939e-03,-5.794468529659336023e-03,9.160954397165108759e-03,5.817696758220642327e-03,1.335528713157574932e-01,-3.532838361540245331e-01,-3.962091401730019613e-01
2.984578461277131694e-06,1.172891400014541635e-04,-1.599342265859420298e-01,-1.126690439857241238e-01,6.323391212288432747e-03,4.141134265704831535e-02,-5.318816262419099328e-01,2.035111777561545154e-01,-3.697693352108270826e-02,-8.548051993601113452e-02,2.569186058611386825e-01,4.219676243665153037e-01,1.784379929084524766e-02,-2.557051281568373802e-01,-2.141417683130373839e-01,-3.148870016317251164e-02,-9.472054012571876416e-03,-5.137765662342455020e-01,-6.028067787698043051e-02,4.128324840785148331e-02,2.342212176780716568e-02,2.060139191883822787e-02
1.066129800500535850e-05,4.343268526202970800e-04,-6.431157791298378612e-01,-2.104660111142926393e-01,-3.013802785004219068e-02,3.532344444106561704e-02,-1.005948867743077652e-01,-1.511971683606906369e-01,-3.650192187660612070e-02,1.362220972886755421e-01,-5.601040434739006785e-02,-2.764914302931043566e-01,2.275724123465089344e-02,8.940813500623628896e-02,-1.106970033860283156e-02,2.878948724360405956e-02,3.767707255974265569e-03,-6.375704919747454680e-02,-2.857039833018425179e-02,-4.306840293129183816e-01,1.648146759807227191e-01,-4.248356876720872921e-01
-1.040422206065908309e-03,-1.218296968166066724e-02,2.356246276386171623e-02,2.667032447916418136e-01,-1.985668699005258275e-01,3.148215619050324654e-01,-1.707990481234616387e-01,-5.478233485544925507e-01,2.422637814256075051e-01,-1.304306601241742858e-01,-1.410390836558231796e-02,2.172293948971394661e-01,4.867275706193470719e-01,1.329090730359154537e-01,6.359894288644706017e-02,2.883729289671769017e-02,2.823262373630824884e-02,-1.428024205516700666e-02,2.652332215607370869e-01,-4.863296619890212537e-03,7.756156072455117068e-02,-2.037207054335828105e-02
-3.491837647463246234e-04,-3.708069376200523893e-03,2.578298918689967203e-02,4.717748364750610698e-03,-6.197655975812957352e-02,-5.977277757950294132e-03,-1.119234667007619061e-01,-1.597613622825535540e-01,-7.308742959190699107e-02,-1.783050790793932194e-01,-2.013114072294651946e-01,5.904697729684030283e-02,1.008821555977573170e-01,3.185599989401550758e-01,-1.427640021577088469e-01,2.034984057918177991e-01,-2.365889779698956141e-01,9.510161238248921942e-03,-7.874766706311852049e-01,-7.234742673287247738e-03,-1.454208378085485309e-01,7.341478045981479628e-02
-4.269392553191193483e-04,-4.890386121009342342e-03,1.140355748058639700e-02,5.031324195500899536e-03,-7.206730796575835929e-02,8.895765646373121616e-03,-5.583704834442630716e-02,-2.694104786626667636e-01,-2.491025423900007085e-01,4.544974527337636849e-01,5.307834051060563718e-01,2.148143085048151157e-01,-2.933839600960416738e-01,3.927333690579244418e-01,2.590268114334072225e-01,-4.253561408480791006e-02,-1.391009024039700434e-02,2.621915950401639689e-02,-4.546560968275649428e-02,4.975208898582710731e-02,-8.391587017758718459e-02,2.585916874988473599e-02
-5.105233311512802298e-06,-2.023763355301786619e-04,2.628903919710154358e-01,1.305573251453785444e-01,-3.582387121452826773e-03,-4.832471945776080358e-02,-3.283511909450338995e-01,-1.226097909795152013e-01,-2.699314357078833049e-01,6.372045824323649965e-01,-4.660403008530712987e-01,-3.590092773559908773e-02,5.598740891623291138e-02,-2.253182032115876310e-01,-1.543095118210617567e-01,4.651928240683357585e-02,1.373424352578431380e-02,-1.009122112352978367e-03,2.155395341923337441e-02,-7.287548942817904940e-02,6.772432926569990630e-02,2.902611925187874309e-02
-9.632071840464770940e-01,2.638349786633576999e-01,1.544220595919180332e-03,-2.785073502634002017e-03,-1.955399355579898191e-02,5.849223424890791787e-04,1.394664151922136270e-04,1.187637074544253130e-02,3.876147416573547805e-02,2.185224384579446955e-02,3.383687080708611041e-03,-1.719266166028525511e-04,1.331160416973867179e-03,4.312783694522859951e-03,-4.251409885203039606e-03,1.418509286402074672e-03,-2.043534697953259052e-03,1.086390016323129926e-04,-7.101148485860057750e-03,3.117008318182811258e-05,-1.346815024811382454e-03,8.808178760723044294e-04
3.303735837952162549e-06,1.272040557179706668e-04,-2.385039158834921513e-02,1.961855985265089641e-01,-7.175610348063989757e-03,6.663711104702215726e-01,-6.111209416827036167e-02,-8.624790408163206246e-02,9.401179897776000549e-02,-6.374220168053618130e-02,-6.764965723438910727e-02,-1.315175837898280853e-01,-5.506640652340654141e-01,-2.542492632478338122e-01,4.083950590921823359e-02,-1.322375327005642469e-02,-3.122978929579807716e-01,1.048200327347668416e-02,-4.820460045896159118e-02,1.236899700449191125e-03,-3.438865242124340693e-02,5.329918101459723764e-03
1.333383298974459841e-01,3.982824504597586301e-01,-1.495762311261363171e-02,4.486613165472533304e-02,5.165051294475784260e-01,-3.933793549982211868e-02,-3.424612464559299158e-02,-1.475459014206410673e-02,6.423365874203071924e-01,3.141026284610054509e-01,8.448850824400977455e-02,1.144989993290642695e-02,1.535251761033014362e-02,7.558139246189234106e-02,-1.102773461133371019e-01,2.249298680434323391e-02,-3.342056613836782292e-02,2.140322023342001133e-03,-1.121399063020497855e-01,1.747768908790785485e-03,-2.036403482639222509e-02,1.958838124702894090e-02
9.619936796444032530e-06,3.817326597440930938e-04,-2.644771455142938543e-01,6.049254699223247655e-01,-1.220685281269271172e-01,-4.322884240000285372e-01,-1.746001736322132236e-02,-4.004192158005823871e-02,6.833406914630271722e-02,-7.891651709420208216e-02,1.308566337199713013e-02,7.941375084086203795e-02,-2.793359879350229558e-01,-9.342692204779969034e-02,-2.634191116495962492e-02,4.977088529449904541e-01,2.548782135559165066e-02,3.290399081703266389e-03,8.324173739281685858e-02,-3.690929339585092162e-03,1.369359454088652991e-02,1.017605364509691947e-02
2.305994634789983418e-06,9.087614397422658574e-05,-1.121004236669583404e-01,-6.886387121741413542e-02,5.573246525434794214e-03,4.566983862500006291e-02,3.436693496132861014e-01,-4.864044421852987965e-02,-9.408368297833124769e-03,6.152223783184480183e-02,-9.201725983229802619e-02,3.581399056717823881e-01,-6.930447327580370465e-02,-5.562931652617306155e-02,8.169601324350510285e-03,-2.492283845325945352e-02,-1.993682582397624664e-02,-9.648915226428016190e-03,-1.328304707741653767e-01,-1.800860478593287739e-01,7.107554262458668504e-01,3.939170960125589205e-01
1.839061626923311467e-06,7.213093782201746094e-05,-9.677759217079691390e-02,-6.773556152595078261e-02,3.989803130671723541e-03,2.587699580458578327e-02,-3.173103517864967471e-01,1.269192359493171163e-01,-1.583925767988158054e-02,-6.613142200144349336e-02,1.526590596375771436e-01,2.485789505365759433e-01,3.396083140785324805e-02,-1.549068604241554126e-01,-1.373992730336588697e-01,-1.882733888504829409e-02,-4.524304201767576430e-03,8.487151460520373503e-01,-2.026406914674307169e-02,-1.131166126849318526e-01,2.151081787779413751e-02,-2.136539246451994029e-02
5.950675899346787543e-06,2.403750092136110498e-04,-3.408023757034372991e-01,-1.223050470851202026e-01,-1.142867371103653724e-02,3.284329289448380262e-02,3.968697705873867887e-02,-6.729309662129411007e-02,-1.287597779549857005e-02,6.578198071516860868e-02,-9.905428367800486744e-02,-7.302985138758445391e-03,5.357249272232502552e-02,-3.819299391910428026e-02,-5.907468470613297384e-03,-1.057690648958105155e-03,1.701123780220578294e-02,-1.098616661484215495e-02,1.579573597809296737e-01,-2.663245689764119906e-01,-5.229824688848493386e-01,6.877932264525319361e-01
1.300362961476576960e-03,1.567025330331549629e-02,-1.938133914957921311e-01,4.915487606625243422e-01,1.424628675088724372e-01,3.602878394708028398e-01,1.538758449443561327e-01,5.015610494971965982e-01,-2.725613176036997265e-01,1.604338266146184966e-01,9.196217083576455065e-02,-1.882711245311675941e-02,3.337804833668456261e-01,2.413626279104862382e-01,-1.270611105116962458e-01,-1.458938790749462686e-02,-5.466660984750184964e-03,-6.089881044660372736e-03,-1.627679470899044689e-02,1.260162880124098385e-03,4.293032465778386791e-03,3.140918941758477547e-03
5.196734840876799993e-04,6.011945614542163994e-03,-1.599478487521974884e-02,6.488157541296160277e-03,7.265124424468963338e-02,1.071369851974253266e-02,6.123998488729392314e-02,4.616667210349740397e-02,-2.452700968291664924e-02,1.060306403511419027e-01,1.530008795587838866e-01,-1.393983496713952983e-02,3.366171730799665252e-01,-4.932411225039928793e-01,6.756603847869762092e-01,2.196466758764515081e-01,-1.210312770068261573e-01,-3.066155368833993825e-03,-2.643583029895755776e-01,-4.326219127866002406e-02,-5.983024212720335078e-02,-3.986491443330491408e-02
7.737775700677378219e-04,8.900257878919189125e-03,-7.671282543459392866e-02,-4.040006088398057083e-02,1.180060557176196290e-01,9.459914151349429340e-03,-2.824056352365521549e-01,2.903555304225214351e-01,7.345093627984472517e-02,-8.277558725754895208e-02,-4.899347977427976342e-01,2.838317261141373726e-01,-1.587427410104635950e-01,3.739428186022180634e-01,5.405149280928557287e-01,-1.167778886920111704e-02,2.184174188275187292e-02,5.826021630923196304e-03,1.461553171559986930e-01,2.552080597700862388e-02,4.485031239470675495e-03,-4.020596761247986067e-02
7.278539361246929391e-06,2.956050178824735507e-04,-4.302461397811018773e-01,-1.410650129710068479e-01,-1.921424097891475183e-02,2.529166930693659346e-02,-7.252130380768752327e-02,-9.560518209010994417e-02,-3.368446899395541316e-02,1.135061238955614865e-01,-8.875237627901459703e-02,-1.721965679866150345e-01,7.143545286114810766e-02,-3.732762387039753604e-02,-1.771939024958993142e-03,3.569304267024780986e-02,-4.349484400244351366e-03,1.005157784500666784e-01,-1.012730122685064765e-02,8.175451602861184552e-01,1.400662894407429526e-01,1.484462765057094902e-01
1.853338489209280515e-01,5.799019669168282709e-01,2.624051312070885614e-02,-7.268712700943352756e-02,-7.208708883316450322e-01,4.490052435629735689e-02,3.581215843364383283e-02,2.522521182415931595e-01,1.352154226539666881e-01,1.254377469625945762e-01,-1.727335005830993656e-02,-1.563972852836041649e-02,1.211161154348947694e-02,1.186342366526958216e-02,2.640679548856853659e-02,6.473112859022817772e-03,-8.265894193976235441e-03,5.138494873488018232e-05,-3.308302575407917612e-02,-1.207550735642543569e-03,-7.269074902559621160e-03,-1.995291539264207239e-03
