-8.534472864753302838e-07,3.383630307227474790e-05,9.829578179794276963e-03,-6.591771603499589627e-02,4.394053160976011362e-03,-2.231862209033295963e-01,-2.035089787216243923e-02,-5.275768497482439395e-02,3.487572735285917463e-02,-2.782239900639956950e-02,3.500738107658528386e-02,2.028747036220039310e-02,1.324253241129755287e-01,-6.633271818312057311e-02,4.384586366581762901e-02,2.151044395502777970e-02,-9.100829890371875397e-01,2.915486589686626662e-01,2.009112322564822473e-03,6.736125468786751530e-03,3.575863513808057864e-02,-6.236541609330881067e-04
-1.417666012361592509e-01,6.596125139403976601e-01,7.790862881602215670e-03,-3.210787667624523389e-02,-3.188055203349219879e-01,1.706260263797138715e-02,-3.344833196092091010e-02,-2.509896652599501454e-01,-5.782407025337719109e-01,-1.564575015635103761e-01,4.000598658035075389e-02,-1.738914303064016328e-02,3.284346939916903130e-02,-6.094623058205277111e-02,1.910990418239339253e-02,-2.057275641901168059e-02,-2.770411446754029311e-02,-1.013279753571827008e-01,-3.098766918785778122e-03,-7.873578904224173836e-03,-1.571849092953193916e-02,1.621098134087057229e-04
-5.447417186305466353e-06,2.192104432056338247e-04,1.898797953435280850e-01,-3.704490892543946812e-01,8.133535627886689934e-02,2.710366339308407646e-01,-3.033951327498743411e-02,-9.899371690122743539e-02,4.763783678938118132e-02,-1.844241484626502753e-02,5.487352695853650597e-02,-1.761804333326773969e-02,2.790522343883960338e-02,-1.537064921424488584e-01,4.503293095639653021e-02,-8.080411258963381416e-01,4.248069717349861607e-02,2.165777399042362883e-01,1.943763191910067786e-02,-1.099263622282395381e-02,3.737931731146398873e-02,-4.043456021712506752e-03
-2.973769737583864077e-06,1.169501600762418907e-04,1.573117013185322821e-01,1.089919032090444356e-01,-1.011584057342291426e-02,-6.487419668059808686e-02,4.353676178697324928e-01,-1.142564433192850559e-01,-1.606575786021797320e-02,2.361577044415232030e-01,5.700235723034382390e-02,-5.951657225727950973e-01,6.308419119773804595e-02,-9.302497176961969927e-02,-1.727881615838423590e-01,7.614979161354664024e-03,8.337130033629888692e-03,5.937284091065538928e-03,2.596635981709608659e-02,-4.025630051094383766e-01,3.516829122076475245e-01,-1.178955590238421058e-01
-1.602354605222052308e-06,6.391731289324524025e-05,1.096569309799445002e-01,8.226646281986528531e-02,-2.406752747295614128e-03,-3.403241326904608149e-02,-4.121672718709972205e-01,1.788154294394818933e-01,-4.314025219079441892e-02,-5.383868220669277976e-02,-2.083542844667509719e-01,-2.842349769227820455e-01,4.252957135651320303e-02,-1.431179730155813512e-01,-1.920266649209762810e-01,-1.715732299386789859e-03,8.786855291774108012e-04,1.682754864800053984e-02,7.613015389152422152e-01,7.215533473581399460e-02,-5.442349757632736901e-02,-4.500076199226622081e-02
-9.363683240455347126e-06,3.815990745543495545e-04,6.275797460775317527e-01,2.382788830176685579e-01,2.557001756670499240e-02,-3.390683285951265336e-02,-1.228762376028872394e-01,-1.133351965089367808e-01,-2.917534359858843952e-03,1.300012183109810759e-01,1.224974730283221319e-01,2.785757845897083307e-01,-4.916921348352567417e-02,8.447472439186869131e-02,2.040483825144603219e-02,3.161876660908546216e-02,-2.341567041843610301e-03,1.634369403628414819e-02,6.531660553211611486e-02,-4.160410180865618535e-01,-1.749358074200540736e-01,4.369205984172496171e-01
1.043459515441697190e-03,-1.222460506087779883e-02,-8.312256757424014639e-03,-2.623707485996848443e-01,2.017925282891081806e-01,-3.161595296812574341e-01,-2.083239154149001959e-01,-5.627281619474202579e-01,1.854306564375090838e-01,-9.257500868199988742e-02,-4.438028667879177769e-02,-2.142463600170513849e-01,-5.074006403595380243e-01,1.196282679607102786e-02,5.006940997426588547e-02,3.019137296763553871e-02,-2.287000779954904278e-02,-2.708711110380992437e-01,-6.917327164814634187e-03,-1.119533837131511667e-02,-6.548374956549990467e-02,2.190117844515713542e-03
3.517802598832900146e-04,-3.747122531150322809e-03,-2.668215507956712279e-02,-7.104580528308668610e-03,6.330811241046621629e-02,5.880242600518078774e-03,-1.116541007888443154e-01,-1.681404599636859010e-01,-1.107146943608569023e-01,-1.411945632683875018e-01,1.910533753856900330e-01,-1.105177047896216264e-01,-1.606356369729174949e-01,3.252476276953554790e-01,-3.370561347422817294e-02,2.026436466093233246e-01,2.313488231174920806e-01,7.923290505152690288e-01,2.582084561821976904e-02,6.241016902747840989e-02,1.177646823965841361e-01,2.379376923981448098e-03
3.957897247179737441e-04,-4.520717733039339783e-03,1.238392055693043371e-02,1.366591480864690240e-02,6.670166168243923943e-02,-1.581143023704863898e-02,-1.786275307477129259e-01,-1.360835147896086450e-01,-1.532117846677148176e-01,4.392775851441286239e-01,-6.036092134681118049e-01,-7.929702349716147292e-02,2.123806367485368551e-01,3.617441783734616778e-01,3.993365286231451150e-01,-6.127074124251453979e-02,1.112695331790992080e-02,4.464614572733364983e-02,-8.146540757643756792e-02,1.226594740394673991e-02,9.227940446416460496e-02,-2.889834662499603593e-02
4.652783925354909109e-06,-1.839467944218333741e-04,-2.584473365823282687e-01,-1.456924018695629208e-01,6.659745769211789651e-03,4.887301904794590784e-02,-3.623832291201338207e-01,-9.720191466288570243e-04,-1.268969012852790568e-01,7.097409476602500877e-01,4.270907165028948183e-01,-2.975787004228827928e-02,-3.617684019335317552e-03,-1.464630063554124006e-01,-1.893786616266462941e-01,5.164041526259482984e-02,-1.024450560642093007e-02,-1.008672465482994378e-02,-6.843229870717075503e-02,2.073036169343027771e-02,-6.056393193948773207e-02,7.818711099489585037e-02
9.632288926156565845e-01,2.637593109635822386e-01,-1.557616026750685599e-03,2.791581876651423339e-03,1.947215514740556486e-02,-5.018537296827551035e-04,8.696260614300161014e-04,1.223908695656130211e-02,4.293705116879865946e-02,1.100563896499333685e-02,-4.097822452751612339e-03,9.736440525861433026e-04,-2.166114122834023568e-03,5.176930822865670294e-03,-2.749532087702862178e-03,1.516684508755433095e-03,2.004985049518571462e-03,7.164674844874320027e-03,2.324838372920923386e-04,7.767495247300022602e-04,1.056802484664610660e-03,-6.910092719199020382e-05
-3.169180459690058714e-06,1.230219735849950803e-04,3.010120792095938302e-02,-1.968204293458659659e-01,9.238821520471873425e-03,-6.653169630673149149e-01,-4.776249932478759952e-02,-1.021783466910909932e-01,8.150982402879043687e-02,-6.901869854167788643e-02,1.071662665312230062e-01,1.135896692241077366e-01,5.870711855224282072e-01,-1.508252751538100289e-01,1.297550450120502595e-02,-1.741789685778196220e-02,3.118950623973691938e-01,5.408761327540404645e-02,-4.855340905900508452e-04,2.137246405095018491e-03,3.201200826780078307e-02,1.058039735903606917e-03
-1.331417610274843455e-01,3.978295467297148225e-01,1.566024713224314566e-02,-4.566561962796093777e-02,-5.185465713117760611e-01,3.832811660349820515e-02,-4.525928444168898085e-02,-6.941924974691974191e-03,6.927829214071103969e-01,1.610149673766464729e-01,-9.909065788344860459e-02,7.776065671220339266e-03,-2.963218959924874760e-02,1.044776198886334245e-01,-8.036426153513130666e-02,2.556610630275927762e-02,3.291705088277932512e-02,1.135367774802813340e-01,4.048350119547668678e-03,1.803389577696968074e-02,1.538289258253218959e-02,-2.582467886838624854e-03
-9.457172763166509145e-06,3.759027012829375437e-04,2.925832030204155165e-01,-5.917918583290439072e-01,1.224558711404878236e-01,4.303996934542049235e-01,-9.669252578807886744e-03,-5.984924986543408570e-02,4.818890577318683810e-02,-7.794928982089834035e-02,-2.561831739154936741e-02,-7.897333146863266817e-02,2.940722467515958782e-01,-2.898609648430335028e-02,-1.090263252024544459e-02,4.997160408977233126e-01,-2.450363686897312487e-02,-8.303791181260046506e-02,-1.191718664663867985e-02,8.856293126066823104e-03,-9.210050811083969960e-03,4.067264336463862102e-03
-2.278450336603958339e-06,8.911509485205901737e-05,1.148683589365701446e-01,8.050693754269992730e-02,-8.223672440321331059e-03,-4.522135602309649421e-02,3.215589428617113277e-01,-6.912974109568981174e-02,-7.400500626234637024e-03,1.198205723322206123e-01,-9.922831277678843473e-03,-3.679747026532372289e-01,7.936962296332221445e-02,-3.564430245317240509e-02,1.805908763349245438e-02,-2.317621244558927540e-02,1.722736451932635471e-02,1.171703673884631203e-01,-5.658636346791393740e-02,3.902317269317163162e-01,-7.169953993208646459e-01,1.676079096926828826e-01
-2.001155191602927561e-06,7.910987104567893536e-05,1.271520369796283467e-01,9.608019846155430033e-02,-4.108837988865863926e-03,-3.919783370903619918e-02,-4.287819141453755312e-01,2.156163054853035832e-01,-2.578534538765376791e-02,-1.975971258172357359e-01,-2.708387707213824047e-01,-2.785215712143437883e-01,6.865240764281922356e-03,-2.090591755483735270e-01,-3.234638724681605515e-01,-1.791433823385171764e-02,1.326235835416034528e-02,8.257266995334511250e-02,-6.199892629237216957e-01,-7.748134677285095639e-02,-2.414618350498852137e-02,7.345727502692162014e-02
-5.469754016760434604e-06,2.205011321033241108e-04,3.421642220463564921e-01,1.427459015772162276e-01,8.484668669005684949e-03,-3.333704113389548973e-02,1.722204286464116413e-02,-5.068615035225137316e-02,-2.169715665788757037e-03,7.882561236649530956e-02,8.879678890751759035e-02,-1.681860654939192762e-02,-4.108465116140409129e-02,-4.373480996360764456e-02,-4.162956875786327782e-02,-2.558273959352070238e-03,-1.470314492483297888e-02,-1.245739418273353188e-01,-4.739385337575576645e-02,6.900024167268087316e-01,5.234439517861660951e-01,2.658835666766305450e-01
-1.282992404897428246e-03,1.549170324244797566e-02,2.169534689902986591e-01,-4.810012614845214918e-01,-1.404153477323143440e-01,-3.613656152577764402e-01,1.810205788416742456e-01,5.269718474180191681e-01,-2.170615807049225687e-01,1.379811459674590568e-01,-8.894698633764745732e-02,3.917523906053007460e-02,-3.678871373144385060e-01,2.082962263394963764e-01,-7.596818725400820982e-02,-1.083360110782837470e-02,6.921534724137813968e-03,1.365744728564636558e-02,5.297557673348295137e-03,3.005296887737431057e-03,-7.760433415055028282e-03,-2.939735711950901189e-03
-5.191209952044007446e-04,6.019258082515122760e-03,1.690595745257441815e-02,-5.039768293014371472e-03,-7.339271816961760730e-02,-1.081483512494688104e-02,5.737112281541603687e-02,5.679337534902338669e-02,-4.544037479423096611e-03,1.064344738250719291e-01,-1.561905950937906851e-01,6.565706068082374780e-02,-2.503742779240013538e-01,-7.172073818878806906e-01,4.887811381106136333e-01,2.061813485682317260e-01,1.204735360577301462e-01,2.616998726564231936e-01,1.070628995584428297e-02,-3.333520546499875448e-02,5.911312752918947144e-02,3.693549128461760811e-02
-7.438366677606796486e-04,8.539141770794783995e-03,6.885478971662203906e-02,3.808597705858998705e-02,-1.131596810280748044e-01,-1.035265693147991231e-02,-2.509572223402165569e-01,2.943269697960498865e-01,7.984193247168223928e-02,-1.644411870327982805e-01,4.434225748114367649e-01,-4.005015305792164471e-01,5.506397417751213164e-02,1.826882331102949175e-01,6.088166611828922381e-01,-3.854137805473938083e-02,-2.317067319563582278e-02,-1.591382059316363839e-01,-6.199483637313244616e-02,-4.816482549184528117e-02,1.111567858974613424e-02,-8.678412652410084221e-03
-6.466948322738428530e-06,2.626121206753604504e-04,4.235485718095214347e-01,1.620854160526968291e-01,1.612481877219959503e-02,-2.505050630317618571e-02,-9.622888970854993895e-02,-6.390847566539223368e-02,-1.009275657580914823e-02,1.266223330560421467e-01,1.213614094391942261e-01,1.490218335923246262e-01,-5.191060625747415808e-02,-3.434329190290075218e-02,-8.721353842472271897e-03,3.231367311209785292e-02,2.984263480128120007e-03,8.339797000110256778e-03,-9.525616570777602210e-02,1.287431335178827185e-01,-1.255653836661446698e-01,-8.249507774191511267e-01
-1.853692646788598075e-01,5.801210342502242101e-01,-2.728668724549014601e-02,7.360457905400406842e-02,7.204648816156271618e-01,-4.242588273760537071e-02,6.043397604688995062e-02,2.517868702949797588e-01,1.694409572560396371e-01,6.075782273920277837e-02,1.737983352582479074e-02,1.234256724686919222e-02,-1.479496544817124858e-02,-2.304955173311875130e-04,2.660632474780164763e-02,5.325221398566809539e-03,8.003560156304928910e-03,3.305587713540099337e-02,6.885626108431114291e-04,-2.549325358599740902e-03,6.358101956230949141e-03,1.278841720879092059e-03
