1.464311986335257443e-01,7.079178323175548959e-01,-1.865703257305208473e-01,-3.133984368635638895e-01,3.982121428180490086e-01,-3.471081528894279788e-01,-2.269168847117678800e-01,1.166429048355100695e-01,-1.510921689516984100e-02,-1.035055963413426079e-03
1.843850837575704629e-02,5.728992892551885985e-02,7.856491455409894131e-01,-1.923395348217123435e-01,9.267047787161969766e-03,-1.690410838018827609e-04,5.633372573506078770e-03,3.674929158132088092e-01,1.803530479461342984e-01,-4.176636232608512134e-01
-1.689684145157137720e-03,6.271986193649439593e-03,-5.947593060560697233e-03,-9.523537394643517839e-02,-1.828499518384111844e-01,4.510777836542437247e-01,-8.679906082756640995e-01,-2.277907853423701348e-02,4.523803546402065806e-03,-5.811857174333117737e-04
-1.573310731300753967e-03,-3.569208406490265422e-03,-6.319327859408456483e-02,3.228636320455422620e-02,-3.241496210839876074e-02,1.905203115667238392e-02,9.514559200805955755e-03,3.050831040640993308e-01,8.152267056384796540e-01,4.855661306848201297e-01
-9.650408180183369655e-01,2.556863866096199533e-01,1.566925667877256886e-02,2.809067030580562549e-02,-3.071530926370710443e-02,2.796570292937532523e-02,2.178438591815790373e-02,-9.248172720932165344e-03,3.265395311459212842e-04,6.118315520235814318e-04
1.119808545050221121e-01,3.432229662694433747e-01,-1.173779576863287349e-01,-5.023263965776472162e-01,-3.857518717475806880e-01,5.270981646289079059e-01,4.151541425716557820e-01,-6.736888513570896131e-02,4.104671299436744338e-03,1.879144220614152941e-03
1.239251705610379742e-02,3.603516708146276004e-02,5.239892209755546704e-01,-1.631812099679190997e-01,6.507325644118809593e-02,-3.500257171656120936e-02,-1.365473849694398903e-02,-2.207350199458507911e-01,-3.076284430372306367e-01,7.405063893439416400e-01
3.527582201449655595e-03,1.710863491290564101e-02,-1.218103800714543175e-02,-1.539478049447774721e-01,-7.608939639901531882e-01,-6.129239275044341406e-01,-1.400788134257259232e-01,-3.943466043338211130e-02,5.828033378140591581e-03,-2.207024609639631559e-04
1.283540429079970237e-03,6.526713947126088454e-03,1.437838016082162995e-01,-1.229209690189379534e-01,1.355638443474965760e-01,-7.519658327621582539e-02,-3.077702571702447751e-02,-8.307402328769438737e-01,4.556713765322787935e-01,-2.035371294030028644e-01
1.849363055975639936e-01,5.574107642920630434e-01,1.857638172490728157e-01,7.321995932810745344e-01,-2.356623233931578187e-01,1.204647336735280849e-01,3.735635052046570870e-02,-1.127667122729500426e-01,1.751741969378431407e-02,4.375882334324253929e-04
